element	wave_A	wave_nm	loggf	lower_state_eV	lower_state_cm1	lower_j	upper_state_eV	upper_state_cm1	upper_j	upper_g	lande_lower	lande_upper	spectrum_transition_type	turbospectrum_rad	rad	stark	waals	waals_single_gamma_format	turbospectrum_fdamp	spectrum_fudge_factor	theoretical_depth	theoretical_ew	lower_orbital_type	upper_orbital_type	molecule	spectrum_synthe_isotope	ion	spectrum_moog_species	turbospectrum_species	width_species	reference_code	nlte	nlte_level_low	nlte_level_up	nlte_label_low	nlte_label_up	spectrum_support	turbospectrum_support	moog_support	width_support	synthe_support	sme_support	wave_peak	wave_base	wave_top	note	peak	base	top	depth	relative_depth	wave_base_fit	wave_top_fit	base_fit	top_fit	mu	sig	A	baseline	gamma	mu_err	fwhm	fwhm_kms	R	depth_fit	relative_depth_fit	integrated_flux	ewr	ew	ew_err	snr	mean_flux	mean_flux_continuum	diff_wavelength	rms	telluric_wave_peak	telluric_fwhm	telluric_R	telluric_depth	grouped	reference_for_group	discarded
Eu 2	3819.670	381.9670	0.510	0.0000	0.000	4.0	3.2450	26172.690	5.0	11.0	1.980	1.790	99	1.00E+05	0.000	0.000	0.000	0.000	2.500	1.000	0.640	23.250	s	p	F	151	2	63.1	63.151	63.01	Melendez20	F	0	0	none	none	T	T	T	F	T	T	381.9682	381.9622	381.9812		3901	3895	3914	0.418	0.397	381.9622	381.9812	3895	3914	381.9665	0.0087	-0.4184	1.000	9999.0000	0.0038	0.0206	16.1658	18545	0.418	0.227	0.0092	-4.62	91.7	0.0	0.0	0.000	0.000	0.0000	0.031	0.0000	0.0000	0	0.000	False	False	False
Eu 2	3907.110	390.7110	0.170	0.2070	1669.567	3.0	3.3790	27253.473	2.0	5.0	1.980	2.310	99	1.00E+05	0.000	0.000	0.000	0.000	2.500	1.000	0.340	11.090	s	p	F	153	2	63.1	63.153	63.01	Melendez20	F	0	0	none	none	T	T	T	F	T	T	390.7108	390.7038	390.7178		12643	12636	12650	0.238	0.217	390.7038	390.7178	12636	12650	390.7113	0.0049	-0.2374	1.000	9999.0000	0.0034	0.0115	8.8321	33943	0.237	0.114	0.0029	-5.13	29.1	0.0	0.0	0.000	0.000	0.0000	0.018	0.0000	0.0000	0	0.000	False	False	False
Ce 2	3999.237	399.9237	0.060	0.2950	2379.334	4.5	3.3950	27382.522	5.5	12.0	1.040	1.050	99	1.00E+05	0.000	0.000	0.000	0.000	2.500	1.000	0.650	25.200	X	X	F	0	2	58.1	58.0	58.01	Melendez20	F	0	0	none	none	T	T	T	F	T	T	399.9234	399.9114	399.9294		21855	21843	21861	0.222	0.202	399.9114	399.9294	21843	21861	399.9235	0.0037	-0.2195	1.000	9999.0000	0.0025	0.0088	6.6185	45296	0.220	0.199	0.0021	-5.29	20.6	0.0	0.0	0.000	0.000	0.0000	0.015	0.0000	0.0000	0	0.000	False	False	False
Zr 2	4050.320	405.0320	-1.060	0.7130	5750.730	2.5	3.7740	30439.363	1.5	4.0	0.880	0.590	99	1.00E+05	0.000	0.000	0.000	0.000	2.500	1.000	0.590	24.810	s	p	F	0	2	40.1	40.0	40.01	Melendez20	F	0	0	none	none	T	T	T	F	T	T	405.0318	405.0188	405.0408		26963	26950	26972	0.274	0.253	405.0188	405.0408	26950	26972	405.0322	0.0033	-0.2748	1.000	9999.0000	0.0018	0.0078	5.7382	52245	0.275	0.272	0.0023	-5.25	22.7	0.0	0.0	0.000	0.000	0.0000	0.005	0.0000	0.0000	0	0.000	False	False	False
Eu 2	4129.720	412.9720	0.220	0.0000	0.000	4.0	3.0010	24204.698	4.0	9.0	1.980	1.880	99	1.00E+05	0.000	0.000	0.000	0.000	2.500	1.000	0.490	17.930	s	p	F	153	2	63.1	63.153	63.01	Melendez20	F	0	0	none	none	T	T	T	F	T	T	412.9714	412.9574	412.9854		34902	34888	34916	0.330	0.310	412.9574	412.9854	34888	34916	412.9713	0.0071	-0.3278	1.000	9999.0000	0.0028	0.0166	12.0810	24815	0.328	0.324	0.0058	-4.85	58.1	0.0	0.0	0.000	0.000	0.0000	0.033	0.0000	0.0000	0	0.000	False	False	False
Zr 2	4208.980	420.8980	-0.510	0.7130	5750.730	2.5	3.6580	29503.760	2.5	6.0	0.880	0.840	99	1.00E+05	0.000	0.000	0.000	0.000	2.500	1.000	0.800	45.350	s	p	F	0	2	40.1	40.0	40.01	Melendez20	F	0	0	none	none	T	T	T	F	T	T	420.8979	420.8879	420.9119		42828	42818	42842	0.457	0.436	420.8879	420.9119	42818	42842	420.8984	0.0036	-0.4584	1.000	9999.0000	0.0013	0.0085	6.0658	49423	0.458	0.455	0.0042	-5.01	41.6	0.0	0.0	0.000	0.000	0.0000	0.016	0.0000	0.0000	0	0.000	False	False	False
Zr 2	4442.992	444.2992	-0.420	1.4860	11985.392	4.5	4.2760	34488.266	3.5	8.0	0.910	0.890	99	1.00E+05	0.000	0.000	0.000	0.000	2.500	1.000	0.500	22.590	d	p	F	0	2	40.1	40.0	40.01	Melendez20	F	0	0	none	none	T	T	T	F	T	T	444.2996	444.2926	444.3076		66228	66221	66236	0.235	0.214	444.2926	444.3076	66221	66236	444.2999	0.0041	-0.2342	1.000	9999.0000	0.0029	0.0096	6.4647	46374	0.234	0.152	0.0024	-5.27	23.9	0.0	0.0	0.000	0.000	0.0000	0.020	0.0000	0.0000	0	0.000	False	False	False
Ti 1	4465.802	446.5802	-0.163	1.7393	14028.394	2.0	4.5150	36415.931	3.0	7.0	1.820	1.660	AO	1.35E+08	8.130	-6.050	331.247	-7.615	331.247	1.000	0.670	41.250	s	p	F	0	1	22.0	22.0	22.0	Melendez20	F	0	0	none	none	T	T	T	T	T	T	446.5808	446.5668	446.5988		68509	68495	68527	0.374	0.353	446.5668	446.5988	68495	68527	446.5808	0.0038	-0.3725	1.000	9999.0000	0.0015	0.0090	6.0570	49495	0.372	0.363	0.0036	-5.10	35.8	0.0	0.0	0.000	0.000	0.0000	0.004	0.0000	0.0000	0	0.000	False	False	False
Ti 2	4470.857	447.0857	-2.060	1.1649	9395.548	1.5	3.9370	31754.047	1.5	4.0	1.740	0.920	GA	1.45E+08	8.160	-6.600	-7.850	-7.850	-7.850	1.000	0.800	65.510	d	p	F	0	2	22.1	22.0	22.01	Melendez20	F	0	0	none	none	T	T	T	T	T	T	447.0848	447.0678	447.1058		69013	68996	69034	0.567	0.546	447.0678	447.1058	68996	69034	447.0852	0.0043	-0.5690	1.000	9999.0000	0.0011	0.0101	6.7931	44132	0.569	0.565	0.0061	-4.86	61.4	0.0	0.0	0.000	0.000	0.0000	0.012	0.0000	0.0000	0	0.000	False	False	False
Ti 2	4544.028	454.4028	-2.530	1.2429	10024.660	2.5	3.9710	32028.275	2.5	6.0	1.600	1.200	GA	1.48E+08	8.170	-6.410	-7.850	-7.850	-7.850	1.000	0.620	38.160	s	p	F	0	2	22.1	22.0	22.01	Melendez20	F	0	0	none	none	T	T	T	T	T	T	454.4023	454.3903	454.4213		76330	76318	76349	0.361	0.340	454.3903	454.4213	76318	76349	454.4017	0.0043	-0.3605	1.000	9999.0000	0.0016	0.0102	6.7239	44586	0.361	0.353	0.0039	-5.07	39.1	0.0	0.0	0.000	0.000	0.0000	0.017	0.0000	0.0000	0	0.000	False	False	False
Ti 1	4555.485	455.5485	-0.488	0.8484	6842.804	5.0	3.5690	28785.927	4.0	9.0	1.410	1.340	AO	1.35E+08	8.130	-5.280	345.242	-7.596	345.242	1.000	0.810	68.990	s	p	F	0	1	22.0	22.0	22.0	Melendez20	F	0	0	none	none	T	T	T	F	T	T	455.5484	455.5354	455.5674		77476	77463	77495	0.578	0.557	455.5354	455.5674	77463	77495	455.5489	0.0042	-0.5810	1.000	9999.0000	0.0011	0.0099	6.5162	46007	0.581	0.580	0.0061	-4.87	61.2	0.0	0.0	0.000	0.000	0.0000	0.004	0.0000	0.0000	0	0.000	False	False	False
Ce 2	4562.359	456.2359	0.210	0.4770	3847.263	3.5	3.1950	25769.413	4.5	10.0	0.670	0.800	99	1.00E+05	0.000	0.000	0.000	0.000	2.500	1.000	0.600	26.430	s	p	F	0	2	58.1	58.0	58.01	Melendez20	F	0	0	none	none	T	T	T	F	T	T	456.2365	456.2245	456.2535		78164	78152	78181	0.222	0.201	456.2245	456.2535	78152	78181	456.2364	0.0039	-0.2203	1.000	9999.0000	0.0020	0.0091	5.9650	50259	0.220	0.217	0.0021	-5.33	21.3	0.0	0.0	0.000	0.000	0.0000	0.010	0.0000	0.0000	0	0.000	False	False	False
Ti 2	4583.408	458.3408	-2.870	1.1650	9396.354	1.5	3.8690	31205.590	2.5	6.0	1.740	0.870	GA	1.41E+08	8.150	-6.590	-7.850	-7.850	-7.850	1.000	0.530	30.130	d	p	F	0	2	22.1	22.0	22.01	Melendez20	F	0	0	none	none	T	T	T	T	T	T	458.3416	458.3266	458.3576		80269	80254	80285	0.297	0.277	458.3266	458.3576	80254	80285	458.3413	0.0040	-0.2976	1.000	9999.0000	0.0017	0.0094	6.1167	49012	0.298	0.291	0.0030	-5.19	29.6	0.0	0.0	0.000	0.000	0.0000	0.006	0.0000	0.0000	0	0.000	False	False	False
Cr 2	4588.199	458.8199	-0.594	4.0710	32834.813	3.5	6.7730	54627.930	2.5	6.0	1.230	1.380	AO	2.34E+08	8.370	-6.570	232.218	-7.764	232.218	1.000	0.770	74.330	d	p	F	0	2	24.1	24.0	24.01	Melendez20	F	0	0	none	none	T	T	T	T	T	T	458.8206	458.8036	458.8356		80748	80731	80763	0.563	0.542	458.8036	458.8356	80731	80763	458.8202	0.0047	-0.5640	1.000	9999.0000	0.0013	0.0111	7.2518	41340	0.564	0.553	0.0067	-4.84	66.6	0.0	0.0	0.000	0.000	0.0000	0.014	0.0000	0.0000	0	0.000	False	False	False
Cr 2	4592.049	459.2049	-1.252	4.0730	32850.944	2.5	6.7730	54627.930	2.5	6.0	1.030	1.380	AO	1.00E+05	0.000	0.000	232.233	-7.767	232.233	1.000	0.660	48.650	d	p	F	0	2	24.1	24.0	24.01	Melendez20	F	0	0	none	none	T	T	T	F	T	T	459.2057	459.1907	459.2237		81133	81118	81151	0.399	0.379	459.1907	459.2237	81118	81151	459.2054	0.0045	-0.3990	1.000	9999.0000	0.0015	0.0106	6.9219	43311	0.399	0.397	0.0045	-5.01	45.0	0.0	0.0	0.000	0.000	0.0000	0.012	0.0000	0.0000	0	0.000	False	False	False
Sr 1	4607.338	460.7338	0.283	0.0000	0.000	0.0	2.6900	21696.313	1.0	3.0	99.000	99.000	99	1.00E+05	0.000	0.000	0.000	0.000	2.500	1.000	0.790	53.960	s	p	F	0	1	38.0	38.0	38.0	Melendez20	F	0	0	none	none	T	T	T	F	T	T	460.7338	460.7168	460.7458		82661	82644	82673	0.435	0.415	460.7168	460.7458	82644	82673	460.7333	0.0039	-0.4375	1.000	9999.0000	0.0014	0.0092	5.9735	50187	0.438	0.434	0.0043	-5.03	42.8	0.0	0.0	0.000	0.000	0.0000	0.012	0.0000	0.0000	0	0.000	False	False	False
Ti 2	4657.212	465.7212	-2.470	1.2430	10025.466	2.5	3.9040	31487.884	3.5	8.0	1.600	1.150	GA	1.45E+08	8.160	-6.410	-7.850	-7.850	-7.850	1.000	0.720	51.710	s	p	F	0	2	22.1	22.0	22.01	Melendez20	F	0	0	none	none	T	T	T	T	T	T	465.7201	465.7091	465.7331		87647	87636	87660	0.457	0.436	465.7091	465.7331	87636	87660	465.7203	0.0042	-0.4573	1.000	9999.0000	0.0016	0.0098	6.3028	47565	0.457	0.434	0.0048	-4.99	47.7	0.0	0.0	0.000	0.000	0.0000	0.008	0.0000	0.0000	0	0.000	False	False	False
Zn 1	4722.159	472.2159	-0.380	4.0300	32504.126	1.0	6.6550	53676.195	1.0	3.0	1.500	2.000	99	1.00E+05	0.000	0.000	0.000	0.000	2.500	1.000	0.770	69.630	p	s	F	0	1	30.0	30.0	30.0	Melendez20	F	0	0	none	none	T	T	T	F	T	T	472.2166	472.1966	472.2426		94143	94123	94169	0.541	0.520	472.1966	472.2426	94123	94169	472.2161	0.0048	-0.5414	1.000	9999.0000	0.0011	0.0113	7.1662	41834	0.541	0.539	0.0065	-4.86	65.0	0.0	0.0	0.000	0.000	0.0000	0.024	0.0000	0.0000	0	0.000	False	False	False
Mg 1	4730.040	473.0040	-2.389	4.3400	35004.444	1.0	6.9660	56184.580	0.0	1.0	99.000	99.000	99	5.13E+08	8.710	0.000	0.000	0.000	2.500	1.000	0.610	57.620	p	s	F	0	1	12.0	12.0	12.0	Melendez20	F	0	0	none	none	T	T	T	F	T	T	473.0036	472.9896	473.0256		94930	94916	94952	0.442	0.422	472.9896	473.0256	94916	94952	473.0034	0.0058	-0.4421	1.000	9999.0000	0.0018	0.0136	8.6296	34740	0.442	0.437	0.0064	-4.87	64.1	0.0	0.0	0.000	0.000	0.0000	0.010	0.0000	0.0000	0	0.000	False	False	False
Ti 1	4758.120	475.8120	0.425	2.2492	18141.013	5.0	4.8540	39150.151	5.0	11.0	1.020	1.020	AO	1.20E+08	8.080	-6.040	326.246	-7.621	326.246	1.000	0.690	49.270	s	p	F	0	1	22.0	22.0	22.0	Melendez20	F	0	0	none	none	T	T	T	T	T	T	475.8118	475.7948	475.8308		97738	97721	97757	0.390	0.370	475.7948	475.8308	97721	97757	475.8122	0.0042	-0.3919	1.000	9999.0000	0.0014	0.0100	6.2963	47614	0.392	0.388	0.0042	-5.06	41.7	0.0	0.0	0.000	0.000	0.0000	0.007	0.0000	0.0000	0	0.000	False	False	False
Ti 1	4759.272	475.9272	0.514	2.2555	18191.825	6.0	4.8600	39198.544	6.0	13.0	1.170	1.180	AO	1.20E+08	8.080	-6.040	327.246	-7.620	327.246	1.000	0.710	52.670	s	p	F	0	1	22.0	22.0	22.0	Melendez20	F	0	0	none	none	T	T	T	T	T	T	475.9279	475.9098	475.9429		97854	97836	97869	0.417	0.397	475.9098	475.9429	97836	97869	475.9274	0.0042	-0.4195	1.000	9999.0000	0.0014	0.0100	6.3039	47557	0.420	0.416	0.0045	-5.03	44.7	0.0	0.0	0.000	0.000	0.0000	0.004	0.0000	0.0000	0	0.000	False	False	False
Ti 2	4779.985	477.9985	-1.260	2.0477	16515.806	0.5	4.6410	37432.190	0.5	2.0	0.660	2.090	GA	1.70E+08	8.230	-6.460	-7.860	-7.860	-7.860	1.000	0.740	63.150	s	p	F	0	2	22.1	22.0	22.01	Melendez20	F	0	0	none	none	T	T	T	T	T	T	477.9980	477.9760	478.0210		99924	99902	99947	0.541	0.520	477.9760	478.0210	99902	99947	477.9983	0.0046	-0.5415	1.000	9999.0000	0.0011	0.0108	6.7641	44321	0.542	0.537	0.0062	-4.89	62.2	0.0	0.0	0.000	0.000	0.0000	0.011	0.0000	0.0000	0	0.000	False	False	False
Zn 1	4810.534	481.0534	-0.160	4.0800	32907.403	2.0	6.6550	53676.195	1.0	3.0	1.500	2.000	99	1.00E+05	0.000	0.000	0.000	0.000	2.500	1.000	0.780	77.250	p	s	F	0	1	30.0	30.0	30.0	Melendez20	F	0	0	none	none	T	T	T	F	T	T	481.0532	481.0342	481.0672		102979	102960	102993	0.568	0.548	481.0342	481.0672	102960	102993	481.0536	0.0048	-0.5699	1.000	9999.0000	0.0013	0.0113	7.0648	42435	0.570	0.559	0.0069	-4.84	68.8	0.0	0.0	0.000	0.000	0.0000	0.017	0.0000	0.0000	0	0.000	False	False	False
Ti 1	4820.410	482.0410	-0.439	1.5024	12117.667	4.0	4.0740	32859.026	3.0	7.0	0.980	0.990	AO	1.62E+08	8.210	-5.940	324.250	-7.625	324.250	1.000	0.630	41.940	X	X	F	0	1	22.0	22.0	22.0	Melendez20	F	0	0	none	none	T	T	T	T	T	T	482.0413	482.0243	482.0603		103967	103950	103986	0.372	0.352	482.0243	482.0603	103950	103986	482.0411	0.0044	-0.3707	1.000	9999.0000	0.0015	0.0104	6.4376	46569	0.371	0.370	0.0041	-5.07	40.8	0.0	0.0	0.000	0.000	0.0000	0.008	0.0000	0.0000	0	0.000	False	False	False
Y 2	4854.867	485.4867	-0.380	0.9923	8003.435	2.0	3.5450	28592.353	1.0	3.0	0.670	0.600	GA	2.88E+08	8.460	-6.400	-7.760	-7.760	-7.760	1.000	0.720	47.750	d	p	F	0	2	39.1	39.0	39.01	Melendez20	F	0	0	none	none	T	T	T	F	T	T	485.4865	485.4685	485.5045		107412	107394	107430	0.421	0.401	485.4685	485.5045	107394	107430	485.4870	0.0044	-0.4225	1.000	9999.0000	0.0014	0.0103	6.3509	47205	0.423	0.416	0.0046	-5.02	46.3	0.0	0.0	0.000	0.000	0.0000	0.018	0.0000	0.0000	0	0.000	False	False	False
Ti 2	4865.611	486.5611	-2.810	1.1160	9001.143	3.5	3.6630	29544.088	2.5	6.0	0.890	0.580	GA	1.66E+08	8.220	-6.490	-7.860	-7.860	-7.860	1.000	0.600	39.410	d	p	F	0	2	22.1	22.0	22.01	Melendez20	F	0	0	none	none	T	T	T	T	T	T	486.5616	486.5466	486.5766		108487	108472	108502	0.343	0.323	486.5466	486.5766	108472	108502	486.5616	0.0044	-0.3415	1.000	9999.0000	0.0017	0.0105	6.4526	46461	0.341	0.325	0.0038	-5.11	38.1	0.0	0.0	0.000	0.000	0.0000	0.013	0.0000	0.0000	0	0.000	False	False	False
Ti 2	4874.014	487.4014	-0.900	3.0950	24962.846	1.5	5.6380	45473.537	0.5	2.0	0.800	0.670	GA	1.82E+08	8.260	-6.330	-7.830	-7.830	-7.830	1.000	0.550	37.170	s	p	F	0	2	22.1	22.0	22.01	Melendez20	F	0	0	none	none	T	T	T	T	T	T	487.4017	487.3867	487.4177		109327	109312	109343	0.316	0.295	487.3867	487.4177	109312	109343	487.4013	0.0045	-0.3168	1.000	9999.0000	0.0019	0.0106	6.5136	46025	0.317	0.312	0.0036	-5.14	35.7	0.0	0.0	0.000	0.000	0.0000	0.004	0.0000	0.0000	0	0.000	False	False	False
V 1	4875.486	487.5486	-0.810	0.0400	322.622	3.5	2.5820	20825.235	2.5	6.0	1.240	1.350	AO	1.45E+07	7.160	-5.860	250.244	-7.736	250.244	1.000	0.700	48.700	X	X	F	0	1	23.0	23.0	23.0	Melendez20	F	0	0	none	none	T	T	T	F	T	T	487.5487	487.5247	487.5647		109474	109450	109490	0.383	0.363	487.5247	487.5647	109450	109490	487.5489	0.0047	-0.3836	1.000	9999.0000	0.0015	0.0111	6.8212	43950	0.384	0.383	0.0045	-5.03	45.3	0.0	0.0	0.000	0.000	0.0000	0.010	0.0000	0.0000	0	0.000	False	False	False
Y 2	4883.685	488.3685	0.070	1.0841	8743.852	4.0	3.6220	29213.400	3.0	7.0	1.260	1.330	GA	2.95E+08	8.470	-6.400	-7.760	-7.760	-7.760	1.000	0.780	62.230	d	p	F	0	2	39.1	39.0	39.01	Melendez20	F	0	0	none	none	T	T	T	T	T	T	488.3687	488.3537	488.3837		110294	110279	110309	0.505	0.484	488.3537	488.3837	110279	110309	488.3688	0.0044	-0.5033	1.000	9999.0000	0.0014	0.0103	6.3145	47477	0.503	0.482	0.0055	-4.95	55.1	0.0	0.0	0.000	0.000	0.0000	0.019	0.0000	0.0000	0	0.000	False	False	False
Y 2	4900.110	490.0110	-0.090	1.0326	8328.477	3.0	3.5620	28729.468	2.0	5.0	1.090	1.170	GA	2.88E+08	8.460	-6.400	-7.760	-7.760	-7.760	1.000	0.760	57.880	d	p	F	0	2	39.1	39.0	39.01	Melendez20	F	0	0	none	none	T	T	T	T	T	T	490.0119	490.0019	490.0329		111937	111927	111958	0.486	0.465	490.0019	490.0329	111927	111958	490.0123	0.0043	-0.4868	1.000	9999.0000	0.0013	0.0102	6.2592	47897	0.487	0.478	0.0053	-4.97	53.0	0.0	0.0	0.000	0.000	0.0000	0.020	0.0000	0.0000	0	0.000	False	False	False
Ti 2	4911.193	491.1193	-0.537	3.1230	25188.681	2.5	5.6470	45546.127	1.5	4.0	1.200	1.310	GA	1.82E+08	8.260	-6.330	-7.830	-7.830	-7.830	1.000	0.610	45.630	s	p	F	0	2	22.1	22.0	22.01	Melendez20	F	0	0	none	none	T	T	T	T	T	T	491.1199	491.0909	491.1329		113045	113016	113058	0.389	0.369	491.0909	491.1329	113016	113058	491.1197	0.0048	-0.3882	1.000	9999.0000	0.0015	0.0113	6.8750	43606	0.388	0.374	0.0047	-5.02	46.5	0.0	0.0	0.000	0.000	0.0000	0.010	0.0000	0.0000	0	0.000	False	False	False
Ti 1	4913.616	491.3616	0.161	1.8731	15107.563	3.0	4.3960	35456.131	4.0	9.0	0.740	0.790	AO	7.08E+07	7.850	-5.890	327.244	-7.619	327.244	1.000	0.700	53.580	s	p	F	0	1	22.0	22.0	22.0	Melendez20	F	0	0	none	none	T	T	T	T	T	T	491.3619	491.3429	491.3799		113287	113268	113305	0.425	0.405	491.3429	491.3799	113268	113305	491.3619	0.0045	-0.4234	1.000	9999.0000	0.0014	0.0106	6.4937	46167	0.423	0.419	0.0048	-5.01	48.0	0.0	0.0	0.000	0.000	0.0000	0.014	0.0000	0.0000	0	0.000	False	False	False
Cr 1	4936.335	493.6335	-0.250	3.1128	25106.413	3.0	5.6240	45360.619	4.0	9.0	0.970	0.820	AO	8.13E+07	7.910	-5.970	342.245	-7.600	342.245	1.000	0.640	45.770	s	p	F	0	1	24.0	24.0	24.0	Melendez20	F	0	0	none	none	T	T	T	T	T	T	493.6341	493.6201	493.6511		115559	115545	115576	0.384	0.363	493.6201	493.6511	115545	115576	493.6340	0.0044	-0.3828	1.000	9999.0000	0.0016	0.0104	6.3106	47506	0.383	0.378	0.0042	-5.07	42.3	0.0	0.0	0.000	0.000	0.0000	0.007	0.0000	0.0000	0	0.000	False	False	False
Ni 1	4953.208	495.3208	-0.660	3.7397	30162.700	2.0	6.2420	50345.126	2.0	5.0	0.990	0.950	AO	1.35E+08	8.130	-5.440	766.234	-7.248	766.234	1.000	0.700	60.830	p	s	F	0	1	28.0	28.0	28.0	Melendez20	F	0	0	none	none	T	T	T	T	T	T	495.3212	495.3042	495.3432		117246	117229	117268	0.456	0.435	495.3042	495.3432	117229	117268	495.3211	0.0047	-0.4548	1.000	9999.0000	0.0013	0.0110	6.6610	45007	0.455	0.452	0.0053	-4.97	53.3	0.0	0.0	0.000	0.000	0.0000	0.010	0.0000	0.0000	0	0.000	False	False	False
Ni 1	5010.938	501.0938	-0.870	3.6350	29318.238	3.0	6.1090	49272.408	3.0	7.0	1.090	1.320	AO	1.82E+08	8.260	-4.370	824.278	-7.225	824.278	1.000	0.650	51.640	p	d	F	0	1	28.0	28.0	28.0	Melendez20	F	0	0	none	none	T	T	T	T	T	T	501.0946	501.0696	501.1086		123019	122994	123033	0.411	0.391	501.0696	501.1086	122994	123033	501.0941	0.0044	-0.4131	1.000	9999.0000	0.0014	0.0104	6.2156	48232	0.413	0.409	0.0046	-5.04	45.7	0.0	0.0	0.000	0.000	0.0000	0.004	0.0000	0.0000	0	0.000	False	False	False
Ti 1	5022.871	502.2871	-0.434	0.8258	6660.523	3.0	3.2940	26567.902	3.0	7.0	1.250	0.910	AO	8.71E+07	7.940	-6.050	317.245	-7.633	317.245	1.000	0.780	76.220	s	p	F	0	1	22.0	22.0	22.0	Melendez20	F	0	0	none	none	T	T	T	F	T	T	502.2867	502.2657	502.3047		124211	124190	124229	0.587	0.567	502.2657	502.3047	124190	124229	502.2871	0.0047	-0.5890	1.000	9999.0000	0.0011	0.0110	6.5781	45574	0.589	0.585	0.0069	-4.86	69.1	0.0	0.0	0.000	0.000	0.0000	0.010	0.0000	0.0000	0	0.000	False	False	False
Fe 1	5044.211	504.4211	-2.058	2.8512	22996.468	4.0	5.3090	42819.973	5.0	11.0	1.490	1.590	AO	1.48E+08	8.170	-5.410	713.238	-7.280	713.238	1.000	0.760	78.580	p	s	F	0	1	26.0	26.0	26.0	Melendez20	F	0	0	none	none	T	T	T	T	T	T	504.4219	504.4059	504.4399		126346	126330	126364	0.557	0.536	504.4059	504.4399	126330	126364	504.4216	0.0049	-0.5564	1.000	9999.0000	0.0013	0.0116	6.9203	43321	0.556	0.547	0.0069	-4.86	69.0	0.0	0.0	0.000	0.000	0.0000	0.010	0.0000	0.0000	0	0.000	False	False	False
Fe 1	5054.642	505.4642	-1.921	3.6400	29358.566	2.0	6.0920	49135.294	3.0	7.0	1.160	1.210	AO	3.39E+07	7.530	-6.100	353.313	-7.599	353.313	1.000	0.620	43.190	s	p	F	0	1	26.0	26.0	26.0	Melendez20	F	0	0	none	none	T	T	T	T	T	T	505.4640	505.4429	505.4880		127388	127367	127412	0.335	0.315	505.4429	505.4880	127367	127412	505.4644	0.0044	-0.3358	1.000	9999.0000	0.0015	0.0104	6.1564	48696	0.336	0.330	0.0037	-5.13	37.1	0.0	0.0	0.000	0.000	0.0000	0.006	0.0000	0.0000	0	0.000	False	False	False
Y 2	5087.420	508.7420	-0.170	1.0841	8743.852	4.0	3.5200	28390.715	4.0	9.0	1.260	1.250	GA	2.04E+08	8.310	-6.400	-7.810	-7.810	-7.810	1.000	0.720	53.030	d	p	F	0	2	39.1	39.0	39.01	Melendez20	F	0	0	none	none	T	T	T	T	T	T	508.7422	508.7262	508.7652		130666	130650	130689	0.413	0.393	508.7262	508.7652	130650	130689	508.7424	0.0044	-0.4121	1.000	9999.0000	0.0014	0.0103	6.0630	49446	0.412	0.411	0.0045	-5.05	45.1	0.0	0.0	0.000	0.000	0.0000	0.010	0.0000	0.0000	0	0.000	False	False	False
Cu 1	5105.541	510.5541	-1.516	1.3900	11211.101	2.5	3.8170	30786.181	1.5	4.0	1.230	1.330	GA	1.58E+08	8.200	-6.070	-7.790	-7.790	-7.790	1.000	0.780	73.600	s	p	F	0	1	29.0	29.0	29.0	Melendez20	F	0	0	none	none	T	T	T	T	T	T	510.5543	510.5383	510.5843		132478	132462	132508	0.625	0.604	510.5383	510.5843	132462	132508	510.5542	0.0058	-0.6268	1.000	9999.0000	0.0013	0.0137	8.0618	37187	0.627	0.626	0.0092	-4.75	91.6	0.0	0.0	0.000	0.000	0.0000	0.020	0.0000	0.0000	0	0.000	False	False	False
Ti 1	5113.448	511.3448	-0.783	1.4430	11638.574	3.0	3.8670	31189.459	2.0	5.0	1.080	1.170	AO	2.34E+07	7.370	-6.010	298.243	-7.660	298.243	1.000	0.490	30.770	s	p	F	0	1	22.0	22.0	22.0	Melendez20	F	0	0	none	none	T	T	T	T	T	T	511.3444	511.3334	511.3614		133268	133257	133285	0.249	0.228	511.3334	511.3614	133257	133285	511.3445	0.0042	-0.2465	1.000	9999.0000	0.0022	0.0100	5.8593	51165	0.246	0.241	0.0026	-5.29	26.2	0.0	0.0	0.000	0.000	0.0000	0.008	0.0000	0.0000	0	0.000	False	False	False
Fe 1	5127.359	512.7359	-3.307	0.9150	7379.969	4.0	3.3320	26874.393	5.0	11.0	1.350	1.400	AO	1.86E+07	7.270	-6.150	243.246	-7.749	243.246	1.000	0.840	102.000	s	p	F	0	1	26.0	26.0	26.0	Melendez20	F	0	0	none	none	T	T	T	F	T	T	512.7365	512.7105	512.7545		134660	134634	134678	0.683	0.663	512.7105	512.7545	134634	134678	512.7365	0.0054	-0.6843	1.000	9999.0000	0.0011	0.0127	7.4118	40448	0.684	0.681	0.0092	-4.74	92.3	0.0	0.0	0.000	0.000	0.0000	0.011	0.0000	0.0000	0	0.000	False	False	False
Ti 1	5147.479	514.7479	-2.012	0.0000	0.000	2.0	2.4080	19421.830	3.0	7.0	0.670	1.070	AO	6.61E+06	6.820	-6.110	255.243	-7.727	255.243	1.000	0.590	39.980	s	p	F	0	1	22.0	22.0	22.0	Melendez20	F	0	0	none	none	T	T	T	F	T	T	514.7486	514.7326	514.7606		136672	136656	136684	0.338	0.317	514.7326	514.7606	136656	136684	514.7482	0.0042	-0.3393	1.000	9999.0000	0.0018	0.0099	5.7401	52228	0.339	0.338	0.0036	-5.16	35.6	0.0	0.0	0.000	0.000	0.0000	0.007	0.0000	0.0000	0	0.000	False	False	False
Ni 1	5176.560	517.6560	-0.440	3.8982	31441.088	2.0	6.2930	50756.468	2.0	5.0	1.060	1.190	AO	1.58E+08	8.200	-4.500	819.277	-7.227	819.277	1.000	0.670	61.730	p	d	F	0	1	28.0	28.0	28.0	Melendez20	F	0	0	none	none	T	T	T	T	T	T	517.6568	517.6378	517.6708		139580	139561	139594	0.434	0.413	517.6378	517.6708	139561	139594	517.6563	0.0049	-0.4343	1.000	9999.0000	0.0016	0.0115	6.6319	45204	0.434	0.434	0.0053	-4.99	52.9	0.0	0.0	0.000	0.000	0.0000	0.008	0.0000	0.0000	0	0.000	False	False	False
Fe 2	5197.577	519.7577	-2.220	3.2306	26056.534	2.5	5.6150	45288.030	1.5	4.0	0.570	0.450	AO	2.88E+08	8.460	-6.530	180.247	-7.880	180.247	1.000	0.770	91.650	s	p	F	0	2	26.1	26.0	26.01	Melendez20	F	0	0	none	none	T	T	T	T	T	T	519.7580	519.7370	519.7770		141681	141660	141700	0.568	0.547	519.7370	519.7770	141660	141700	519.7575	0.0053	-0.5680	1.000	9999.0000	0.0013	0.0126	7.2589	41300	0.568	0.557	0.0076	-4.83	76.1	0.0	0.0	0.000	0.000	0.0000	0.015	0.0000	0.0000	0	0.000	False	False	False
Fe 1	5198.711	519.8711	-2.135	2.2230	17929.695	1.0	4.6070	37157.961	2.0	5.0	2.500	1.840	AO	1.70E+08	8.230	-6.070	351.271	-7.594	351.271	1.000	0.800	100.640	s	p	F	0	1	26.0	26.0	26.0	Melendez20	F	0	0	none	none	T	T	T	T	T	T	519.8720	519.8440	519.8990		141795	141767	141822	0.663	0.643	519.8440	519.8990	141767	141822	519.8717	0.0055	-0.6642	1.000	9999.0000	0.0010	0.0130	7.5010	39967	0.664	0.659	0.0092	-4.75	92.0	0.0	0.0	0.000	0.000	0.0000	0.018	0.0000	0.0000	0	0.000	False	False	False
Y 2	5200.413	520.0413	-0.570	0.9923	8003.435	2.0	3.3760	27229.277	2.0	5.0	0.670	0.760	GA	2.00E+08	8.300	-6.400	-7.800	-7.800	-7.800	1.000	0.640	41.050	d	p	F	0	2	39.1	39.0	39.01	Melendez20	F	0	0	none	none	T	T	T	F	T	T	520.0410	520.0290	520.0610		141964	141952	141984	0.323	0.302	520.0290	520.0610	141952	141984	520.0414	0.0044	-0.3232	1.000	9999.0000	0.0018	0.0104	5.9758	50168	0.323	0.320	0.0036	-5.16	35.7	0.0	0.0	0.000	0.000	0.0000	0.011	0.0000	0.0000	0	0.000	False	False	False
Ti 2	5211.540	521.1540	-1.490	2.5900	20889.749	3.5	4.9690	40077.688	3.5	8.0	1.140	1.160	GA	2.63E+08	8.420	-6.480	-7.830	-7.830	-7.830	1.000	0.500	34.600	d	p	F	0	2	22.1	22.0	22.01	Melendez20	F	0	0	none	none	T	T	T	T	T	T	521.1531	521.1381	521.1671		143076	143061	143090	0.269	0.249	521.1381	521.1671	143061	143090	521.1534	0.0047	-0.2692	1.000	9999.0000	0.0022	0.0110	6.3406	47282	0.269	0.266	0.0032	-5.22	31.6	0.0	0.0	0.000	0.000	0.0000	0.006	0.0000	0.0000	0	0.000	False	False	False
Co 1	5212.691	521.2691	-0.110	3.5144	28345.534	4.5	5.8920	47522.185	4.5	10.0	1.330	1.330	AO	1.00E+08	8.000	-5.470	779.235	-7.241	779.235	1.000	0.380	23.650	d	f	F	0	1	27.0	27.0	27.0	Melendez20	F	0	0	none	none	T	T	T	T	T	T	521.2691	521.2501	521.2881		143192	143173	143211	0.132	0.111	521.2501	521.2881	143173	143211	521.2691	0.0065	-0.1319	1.000	9999.0000	0.0040	0.0154	8.8639	33822	0.132	0.128	0.0022	-5.38	21.6	0.0	0.0	0.000	0.000	0.0000	0.002	0.0000	0.0000	0	0.000	False	False	False
Cu 1	5218.197	521.8197	0.476	3.8160	30778.101	1.5	6.1920	49941.848	2.5	6.0	1.330	1.190	GA	2.51E+08	8.400	-4.890	-7.500	-7.500	-7.500	1.000	0.670	56.710	p	d	F	0	1	29.0	29.0	29.0	Melendez20	F	0	0	none	none	T	T	T	T	T	T	521.8211	521.8051	521.8401		143744	143728	143763	0.399	0.378	521.8051	521.8401	143728	143763	521.8207	0.0049	-0.3993	1.000	9999.0000	0.0016	0.0115	6.6027	45404	0.399	0.392	0.0049	-5.03	48.9	0.0	0.0	0.000	0.000	0.0000	0.013	0.0000	0.0000	0	0.000	False	False	False
Ti 1	5219.700	521.9700	-2.292	0.0210	169.376	3.0	2.3960	19325.043	2.0	5.0	1.080	0.670	AO	6.61E+06	6.820	-6.110	255.243	-7.727	255.243	1.000	0.430	26.360	s	p	F	0	1	22.0	22.0	22.0	Melendez20	F	0	0	none	none	T	T	T	F	T	T	521.9701	521.9531	521.9861		143893	143876	143909	0.239	0.218	521.9531	521.9861	143876	143909	521.9702	0.0045	-0.2388	1.000	9999.0000	0.0022	0.0106	6.0839	49276	0.239	0.238	0.0027	-5.29	26.9	0.0	0.0	0.000	0.000	0.0000	0.006	0.0000	0.0000	0	0.000	False	False	False
Fe 1	5225.525	522.5525	-4.789	0.1101	888.016	1.0	2.4820	20018.680	1.0	3.0	1.500	3.000	AO	1.66E+03	3.220	-6.280	207.253	-7.820	207.253	1.000	0.780	71.620	s	p	F	0	1	26.0	26.0	26.0	Melendez20	F	0	0	none	none	T	T	T	F	T	T	522.5532	522.5352	522.5692		144476	144458	144492	0.590	0.569	522.5352	522.5692	144458	144492	522.5532	0.0046	-0.5898	1.000	9999.0000	0.0012	0.0109	6.2677	47832	0.590	0.586	0.0069	-4.88	68.6	0.0	0.0	0.000	0.000	0.0000	0.002	0.0000	0.0000	0	0.000	False	False	False
Fe 2	5234.625	523.4625	-2.180	3.2215	25983.137	3.5	5.5890	45078.325	2.5	6.0	0.980	1.070	AO	2.88E+08	8.460	-6.530	180.249	-7.880	180.249	1.000	0.750	85.480	s	p	F	0	2	26.1	26.0	26.01	Melendez20	F	0	0	none	none	T	T	T	T	T	T	523.4632	523.4372	523.4912		145386	145360	145414	0.573	0.552	523.4372	523.4912	145360	145414	523.4631	0.0054	-0.5713	1.000	9999.0000	0.0011	0.0126	7.2234	41503	0.571	0.566	0.0077	-4.83	76.7	0.0	0.0	0.000	0.000	0.0000	0.009	0.0000	0.0000	0	0.000	False	False	False
Cr 2	5237.328	523.7328	-1.087	4.0730	32850.944	4.5	6.4400	51942.103	4.5	10.0	1.330	1.340	AO	2.34E+08	8.370	-6.560	225.213	-7.776	225.213	1.000	0.560	43.960	d	p	F	0	2	24.1	24.0	24.01	Melendez20	F	0	0	none	none	T	T	T	T	T	T	523.7322	523.7142	523.7502		145655	145637	145673	0.396	0.375	523.7142	523.7502	145637	145673	523.7325	0.0051	-0.3954	1.000	9999.0000	0.0017	0.0119	6.8390	43836	0.395	0.385	0.0050	-5.02	50.3	0.0	0.0	0.000	0.000	0.0000	0.010	0.0000	0.0000	0	0.000	False	False	False
Fe 1	5242.491	524.2491	-0.967	3.6340	29310.172	6.0	5.9990	48385.198	5.0	11.0	1.010	1.020	AO	7.08E+07	7.850	-6.120	361.248	-7.578	361.248	1.000	0.760	89.860	s	p	F	0	1	26.0	26.0	26.0	Melendez20	F	0	0	none	none	T	T	T	T	T	T	524.2493	524.2293	524.2733		146172	146152	146196	0.613	0.592	524.2293	524.2733	146152	146196	524.2497	0.0053	-0.6149	1.000	9999.0000	0.0012	0.0125	7.1665	41833	0.615	0.614	0.0082	-4.81	82.0	0.0	0.0	0.000	0.000	0.0000	0.009	0.0000	0.0000	0	0.000	False	False	False
Fe 1	5247.050	524.7050	-4.946	0.0872	703.315	2.0	2.4500	19760.583	3.0	7.0	1.500	1.750	AO	4.27E+03	3.630	-6.280	206.253	-7.822	206.253	1.000	0.760	66.200	s	p	F	0	1	26.0	26.0	26.0	Melendez20	F	0	0	none	none	T	T	T	F	T	T	524.7053	524.6883	524.7203		146628	146611	146643	0.560	0.539	524.6883	524.7203	146611	146643	524.7056	0.0046	-0.5600	1.000	9999.0000	0.0013	0.0107	6.1297	48908	0.560	0.550	0.0064	-4.91	64.0	0.0	0.0	0.000	0.000	0.0000	0.006	0.0000	0.0000	0	0.000	False	False	False
Cr 1	5247.566	524.7566	-1.590	0.9600	7742.918	0.0	3.3230	26801.803	1.0	3.0	0.000	2.510	AO	6.61E+07	7.820	-5.920	329.263	-7.621	329.263	1.000	0.770	82.600	s	p	F	0	1	24.0	24.0	24.0	Melendez20	F	0	0	none	none	T	T	T	F	T	T	524.7573	524.7403	524.7763		146680	146663	146699	0.612	0.592	524.7403	524.7763	146663	146699	524.7572	0.0052	-0.6129	1.000	9999.0000	0.0013	0.0122	6.9537	43113	0.613	0.605	0.0079	-4.82	79.4	0.0	0.0	0.000	0.000	0.0000	0.006	0.0000	0.0000	0	0.000	False	False	False
Fe 1	5250.208	525.0208	-4.938	0.1212	977.543	0.0	2.4820	20018.680	1.0	3.0	0.000	3.000	AO	1.66E+03	3.220	-6.280	207.253	-7.820	207.253	1.000	0.760	65.100	s	p	F	0	1	26.0	26.0	26.0	Melendez20	F	0	0	none	none	T	T	T	F	T	T	525.0213	525.0063	525.0403		146944	146929	146963	0.553	0.532	525.0063	525.0403	146929	146963	525.0214	0.0046	-0.5518	1.000	9999.0000	0.0013	0.0109	6.2081	48290	0.552	0.547	0.0064	-4.91	63.9	0.0	0.0	0.000	0.000	0.0000	0.009	0.0000	0.0000	0	0.000	False	False	False
Ca 1	5260.387	526.0387	-1.719	2.5210	20333.226	1.0	4.8780	39343.724	2.0	5.0	0.500	1.500	AO	7.98E+07	7.902	-5.756	421.260	-7.512	421.260	1.000	0.460	33.600	s	p	F	0	1	20.0	20.0	20.0	Melendez20	F	0	0	none	none	T	T	T	T	T	T	526.0384	526.0164	526.0544		147961	147939	147977	0.263	0.243	526.0164	526.0544	147939	147977	526.0386	0.0047	-0.2628	1.000	9999.0000	0.0020	0.0111	6.3315	47350	0.263	0.257	0.0031	-5.23	31.1	0.0	0.0	0.000	0.000	0.0000	0.010	0.0000	0.0000	0	0.000	False	False	False
Fe 2	5264.812	526.4812	-3.130	3.2304	26054.920	2.5	5.5850	45046.063	1.5	4.0	0.570	1.150	AO	3.63E+08	8.560	-6.530	186.300	-7.875	186.300	1.000	0.590	45.870	s	p	F	0	2	26.1	26.0	26.01	Melendez20	F	0	0	none	none	T	T	T	T	T	T	526.4804	526.4624	526.4994		148403	148385	148422	0.341	0.320	526.4624	526.4994	148385	148422	526.4808	0.0045	-0.3416	1.000	9999.0000	0.0017	0.0106	6.0341	49683	0.342	0.312	0.0039	-5.14	38.5	0.0	0.0	0.000	0.000	0.0000	0.017	0.0000	0.0000	0	0.000	False	False	False
Cr 1	5272.007	527.2007	-0.420	3.4490	27818.047	3.0	5.8000	46780.155	4.0	9.0	1.930	1.630	AO	2.95E+08	8.470	-5.220	757.238	-7.254	757.238	1.000	0.380	25.500	d	f	F	0	1	24.0	24.0	24.0	Melendez20	F	0	0	none	none	T	T	T	T	T	T	527.2005	527.1805	527.2125		149123	149103	149135	0.206	0.185	527.1805	527.2125	149103	149135	527.2003	0.0047	-0.2051	1.000	9999.0000	0.0024	0.0111	6.3326	47341	0.205	0.203	0.0024	-5.34	24.3	0.0	0.0	0.000	0.000	0.0000	0.007	0.0000	0.0000	0	0.000	False	False	False
Fe 1	5295.312	529.5312	-1.490	4.4150	35609.359	3.0	6.7560	54490.815	3.0	7.0	0.890	0.480	AO	2.09E+08	8.320	-4.670	1014.281	-7.135	1014.281	1.000	0.340	22.750	p	d	F	0	1	26.0	26.0	26.0	Melendez20	F	0	0	none	none	T	T	T	T	T	T	529.5317	529.5147	529.5507		151454	151437	151473	0.251	0.231	529.5147	529.5507	151437	151473	529.5316	0.0046	-0.2497	1.000	9999.0000	0.0019	0.0108	6.1199	48986	0.250	0.246	0.0029	-5.27	28.7	0.0	0.0	0.000	0.000	0.0000	0.006	0.0000	0.0000	0	0.000	False	False	False
Cr 1	5296.691	529.6691	-1.360	0.9830	7928.426	2.0	3.3230	26801.803	1.0	3.0	1.500	2.510	AO	6.61E+07	7.820	-5.920	329.263	-7.621	329.263	1.000	0.790	93.570	s	p	F	0	1	24.0	24.0	24.0	Melendez20	F	0	0	none	none	T	T	T	F	T	T	529.6697	529.6517	529.6917		151592	151574	151614	0.651	0.631	529.6517	529.6917	151574	151614	529.6698	0.0055	-0.6516	1.000	9999.0000	0.0012	0.0129	7.2874	41139	0.652	0.647	0.0089	-4.77	89.3	0.0	0.0	0.000	0.000	0.0000	0.008	0.0000	0.0000	0	0.000	False	False	False
Cr 1	5300.744	530.0744	-2.130	0.9820	7920.360	2.0	3.3210	26785.672	3.0	7.0	1.500	1.670	AO	6.46E+07	7.810	-5.910	329.263	-7.621	329.263	1.000	0.710	62.250	X	X	F	0	1	24.0	24.0	24.0	Melendez20	F	0	0	none	none	T	T	T	F	T	T	530.0747	530.0587	530.0927		151997	151981	152015	0.476	0.455	530.0587	530.0927	151981	152015	530.0751	0.0048	-0.4768	1.000	9999.0000	0.0014	0.0112	6.3419	47271	0.477	0.467	0.0057	-4.97	56.9	0.0	0.0	0.000	0.000	0.0000	0.011	0.0000	0.0000	0	0.000	False	False	False
Co 1	5342.695	534.2695	0.540	4.0210	32431.536	5.5	6.3410	51143.615	6.5	14.0	1.290	1.220	GA	2.45E+08	8.390	-4.590	-7.510	-7.510	-7.510	1.000	0.540	39.500	p	d	F	0	1	27.0	27.0	27.0	Melendez20	F	0	0	none	none	T	T	T	T	T	T	534.2700	534.2540	534.2880		156192	156176	156210	0.243	0.222	534.2540	534.2880	156176	156210	534.2705	0.0050	-0.2435	1.000	9999.0000	0.0025	0.0117	6.5420	45826	0.244	0.239	0.0030	-5.25	30.2	0.0	0.0	0.000	0.000	0.0000	0.005	0.0000	0.0000	0	0.000	False	False	False
Cr 1	5348.312	534.8312	-1.210	1.0036	8094.576	3.0	3.3210	26785.672	3.0	7.0	1.500	1.670	AO	6.46E+07	7.810	-5.910	329.262	-7.620	329.262	1.000	0.790	101.370	s	p	F	0	1	24.0	24.0	24.0	Melendez20	F	0	0	none	none	T	T	T	T	T	T	534.8320	534.8140	534.8600		156754	156736	156782	0.647	0.627	534.8140	534.8600	156736	156782	534.8324	0.0058	-0.6487	1.000	9999.0000	0.0012	0.0137	7.7025	38921	0.649	0.645	0.0095	-4.75	94.9	0.0	0.0	0.000	0.000	0.0000	0.009	0.0000	0.0000	0	0.000	False	False	False
Fe 1	5373.709	537.3709	-0.770	4.4730	36077.160	3.0	6.7800	54684.388	4.0	9.0	0.790	1.140	AO	1.38E+08	8.140	-4.950	1044.282	-7.123	1044.282	1.000	0.640	62.540	d	f	F	0	1	26.0	26.0	26.0	Melendez20	F	0	0	none	none	T	T	T	T	T	T	537.3712	537.3492	537.3922		159293	159271	159314	0.467	0.446	537.3492	537.3922	159271	159314	537.3713	0.0051	-0.4658	1.000	9999.0000	0.0014	0.0120	6.6708	44941	0.466	0.465	0.0059	-4.96	59.3	0.0	0.0	0.000	0.000	0.0000	0.010	0.0000	0.0000	0	0.000	False	False	False
Fe 1	5379.574	537.9574	-1.514	3.6940	29794.105	4.0	5.9990	48385.198	5.0	11.0	0.980	1.020	AO	7.08E+07	7.850	-6.120	363.249	-7.575	363.249	1.000	0.670	60.620	s	p	F	0	1	26.0	26.0	26.0	Melendez20	F	0	0	none	none	T	T	T	T	T	T	537.9583	537.9373	537.9803		159880	159859	159902	0.470	0.449	537.9373	537.9803	159859	159902	537.9579	0.0049	-0.4702	1.000	9999.0000	0.0013	0.0116	6.4549	46444	0.470	0.470	0.0058	-4.97	58.0	0.0	0.0	0.000	0.000	0.0000	0.007	0.0000	0.0000	0	0.000	False	False	False
Ti 2	5381.015	538.1015	-1.970	1.5650	12622.570	1.5	3.8690	31205.590	2.5	6.0	0.800	0.870	GA	1.41E+08	8.150	-6.590	-7.850	-7.850	-7.850	1.000	0.650	54.660	d	p	F	0	2	22.1	22.0	22.01	Melendez20	F	0	0	none	none	T	T	T	T	T	T	538.1023	538.0843	538.1233		160024	160006	160045	0.439	0.418	538.0843	538.1233	160006	160045	538.1026	0.0051	-0.4390	1.000	9999.0000	0.0015	0.0120	6.6982	44757	0.439	0.429	0.0056	-4.98	56.2	0.0	0.0	0.000	0.000	0.0000	0.017	0.0000	0.0000	0	0.000	False	False	False
Fe 1	5386.334	538.6334	-1.740	4.1540	33504.253	3.0	6.4560	52071.152	2.0	5.0	1.490	1.810	AO	2.82E+08	8.450	-4.470	930.278	-7.172	930.278	1.000	0.430	29.890	p	d	F	0	1	26.0	26.0	26.0	Melendez20	F	0	0	none	none	T	T	T	T	T	T	538.6333	538.6193	538.6493		160555	160541	160571	0.265	0.245	538.6193	538.6493	160541	160571	538.6335	0.0047	-0.2656	1.000	9999.0000	0.0022	0.0111	6.1729	48566	0.266	0.260	0.0031	-5.24	31.4	0.0	0.0	0.000	0.000	0.0000	0.006	0.0000	0.0000	0	0.000	False	False	False
Mn 1	5399.470	539.9470	-0.104	3.8500	31052.329	1.5	6.1490	49595.030	1.5	4.0	1.730	2.000	GA	7.94E+07	7.900	-5.390	-7.590	-7.590	-7.590	1.000	0.420	27.250	p	s	F	0	1	25.0	25.0	25.0	Melendez20	F	0	0	none	none	T	T	T	T	T	T	539.9484	539.9254	539.9704		161870	161847	161892	0.230	0.209	539.9254	539.9704	161847	161892	539.9481	0.0066	-0.2297	1.000	9999.0000	0.0027	0.0156	8.6781	34546	0.230	0.224	0.0038	-5.15	38.2	0.0	0.0	0.000	0.000	0.0000	0.006	0.0000	0.0000	0	0.000	False	False	False
Fe 2	5414.073	541.4073	-3.580	3.2215	25983.137	3.5	5.5110	44449.213	3.5	8.0	0.980	1.400	AO	3.63E+08	8.560	-6.530	185.303	-7.878	185.303	1.000	0.430	29.200	s	p	F	0	2	26.1	26.0	26.01	Melendez20	F	0	0	none	none	T	T	T	T	T	T	541.4075	541.3855	541.4265		163329	163307	163348	0.215	0.195	541.3855	541.4265	163307	163348	541.4075	0.0048	-0.2150	1.000	9999.0000	0.0022	0.0114	6.2926	47642	0.215	0.213	0.0026	-5.32	26.0	0.0	0.0	0.000	0.000	0.0000	0.005	0.0000	0.0000	0	0.000	False	False	False
Ti 2	5418.767	541.8767	-2.110	1.5820	12759.684	2.5	3.8690	31205.590	2.5	6.0	1.200	0.870	GA	1.41E+08	8.150	-6.590	-7.850	-7.850	-7.850	1.000	0.590	46.500	d	p	F	0	2	22.1	22.0	22.01	Melendez20	F	0	0	none	none	T	T	T	T	T	T	541.8775	541.8595	541.8955		163799	163781	163817	0.384	0.364	541.8595	541.8955	163781	163817	541.8773	0.0049	-0.3837	1.000	9999.0000	0.0016	0.0116	6.4210	46689	0.384	0.376	0.0047	-5.06	47.4	0.0	0.0	0.000	0.000	0.0000	0.007	0.0000	0.0000	0	0.000	False	False	False
Fe 2	5425.257	542.5257	-3.220	3.1996	25806.502	4.5	5.4840	44231.443	4.5	10.0	1.150	1.320	AO	2.88E+08	8.460	-6.530	178.255	-7.886	178.255	1.000	0.570	45.590	s	p	F	0	2	26.1	26.0	26.01	Melendez20	F	0	0	none	none	T	T	T	T	T	T	542.5256	542.5046	542.5516		164447	164426	164473	0.316	0.295	542.5046	542.5516	164426	164473	542.5253	0.0050	-0.3154	1.000	9999.0000	0.0016	0.0117	6.4544	46447	0.315	0.313	0.0039	-5.14	39.2	0.0	0.0	0.000	0.000	0.0000	0.005	0.0000	0.0000	0	0.000	False	False	False
Fe 1	5466.396	546.6396	-0.565	4.3710	35254.475	4.0	6.6390	53547.147	3.0	7.0	1.100	1.350	AO	2.04E+08	8.310	-4.580	865.278	-7.204	865.278	1.000	0.690	80.970	d	f	F	0	1	26.0	26.0	26.0	Melendez20	F	0	0	none	none	T	T	T	T	T	T	546.6399	546.6189	546.6659		168561	168540	168587	0.535	0.515	546.6189	546.6659	168540	168587	546.6402	0.0055	-0.5348	1.000	9999.0000	0.0013	0.0130	7.1163	42128	0.535	0.531	0.0074	-4.87	73.9	0.0	0.0	0.000	0.000	0.0000	0.014	0.0000	0.0000	0	0.000	False	False	False
Fe 1	5466.987	546.6987	-2.230	3.5730	28818.174	5.0	5.8410	47110.843	4.0	9.0	1.000	0.880	GA	3.31E+07	7.520	-5.820	-7.820	-7.820	-7.820	1.000	0.490	32.690	s	p	F	0	1	26.0	26.0	26.0	Melendez20	F	0	0	none	none	T	T	T	T	T	T	546.6989	546.6819	546.7149		168620	168603	168636	0.271	0.251	546.6819	546.7149	168603	168636	546.6989	0.0049	-0.2695	1.000	9999.0000	0.0021	0.0114	6.2632	47866	0.269	0.268	0.0033	-5.22	32.8	0.0	0.0	0.000	0.000	0.0000	0.011	0.0000	0.0000	0	0.000	False	False	False
Co 1	5483.352	548.3352	-1.490	1.7104	13795.300	2.5	3.9710	32028.275	3.5	8.0	1.600	1.400	AO	7.94E+07	7.900	-6.180	291.259	-7.673	291.259	1.000	0.580	40.550	s	p	F	0	1	27.0	27.0	27.0	Melendez20	F	0	0	none	none	T	T	T	T	T	T	548.3360	548.3230	548.3570		170257	170244	170278	0.330	0.310	548.3230	548.3570	170244	170278	548.3358	0.0061	-0.3320	1.000	9999.0000	0.0025	0.0144	7.8703	38092	0.332	0.326	0.0051	-5.03	50.9	0.0	0.0	0.000	0.000	0.0000	0.004	0.0000	0.0000	0	0.000	False	False	False
Ti 1	5490.150	549.0150	-0.933	1.4600	11775.688	4.0	3.7180	29987.693	3.0	7.0	1.260	1.490	AO	1.51E+08	8.180	-6.100	374.262	-7.564	374.262	1.000	0.390	25.210	s	p	F	0	1	22.0	22.0	22.0	Melendez20	F	0	0	none	none	T	T	T	T	T	T	549.0150	549.0020	549.0310		170936	170923	170952	0.183	0.162	549.0020	549.0310	170923	170952	549.0154	0.0046	-0.1834	1.000	9999.0000	0.0028	0.0109	5.9383	50485	0.183	0.177	0.0021	-5.41	21.2	0.0	0.0	0.000	0.000	0.0000	0.004	0.0000	0.0000	0	0.000	False	False	False
Ca 1	5512.980	551.2980	-0.464	2.9330	23656.229	1.0	5.1810	41787.583	0.0	1.0	1.000	0.000	GA	2.80E+08	8.447	-4.053	-7.316	-7.316	-7.316	1.000	0.680	89.700	s	p	F	0	1	20.0	20.0	20.0	Melendez20	F	0	0	none	none	T	T	T	T	T	T	551.2982	551.2692	551.3202		173219	173190	173241	0.543	0.522	551.2692	551.3202	173190	173241	551.2984	0.0060	-0.5416	1.000	9999.0000	0.0013	0.0140	7.6292	39295	0.542	0.531	0.0081	-4.83	80.9	0.0	0.0	0.000	0.000	0.0000	0.019	0.0000	0.0000	0	0.000	False	False	False
Fe 1	5522.446	552.2446	-1.310	4.2090	33947.858	2.0	6.4530	52046.955	2.0	5.0	1.490	1.570	AO	1.05E+08	8.020	-5.570	744.215	-7.257	744.215	1.000	0.500	37.660	d	f	F	0	1	26.0	26.0	26.0	Melendez20	F	0	0	none	none	T	T	T	T	T	T	552.2453	552.2273	552.2633		174166	174148	174184	0.339	0.318	552.2273	552.2633	174148	174184	552.2449	0.0049	-0.3391	1.000	9999.0000	0.0018	0.0115	6.2231	48174	0.339	0.331	0.0041	-5.13	41.4	0.0	0.0	0.000	0.000	0.0000	0.008	0.0000	0.0000	0	0.000	False	False	False
Fe 1	5546.506	554.6506	-1.180	4.3710	35254.475	4.0	6.6060	53280.984	5.0	11.0	1.100	1.220	AO	2.04E+08	8.310	-5.060	825.278	-7.224	825.278	1.000	0.520	42.240	d	f	F	0	1	26.0	26.0	26.0	Melendez20	F	0	0	none	none	T	T	T	T	T	T	554.6514	554.6324	554.6684		176572	176553	176589	0.377	0.357	554.6324	554.6684	176553	176589	554.6511	0.0052	-0.3776	1.000	9999.0000	0.0018	0.0122	6.5992	45429	0.378	0.369	0.0049	-5.05	49.1	0.0	0.0	0.000	0.000	0.0000	0.011	0.0000	0.0000	0	0.000	False	False	False
Fe 1	5560.211	556.0211	-1.160	4.4340	35762.604	4.0	6.6640	53748.785	3.0	7.0	1.100	1.260	AO	1.91E+08	8.280	-4.240	895.278	-7.189	895.278	1.000	0.540	45.660	d	f	F	0	1	26.0	26.0	26.0	Melendez20	F	0	0	none	none	T	T	T	T	T	T	556.0215	556.0025	556.0445		177942	177923	177965	0.390	0.370	556.0025	556.0445	177923	177965	556.0216	0.0051	-0.3890	1.000	9999.0000	0.0016	0.0119	6.4395	46555	0.389	0.386	0.0049	-5.05	49.5	0.0	0.0	0.000	0.000	0.0000	0.008	0.0000	0.0000	0	0.000	False	False	False
Ca 1	5581.965	558.1965	-0.555	2.5229	20348.551	2.0	4.7440	38262.941	3.0	7.0	1.160	1.330	AO	7.13E+07	7.853	-6.072	400.282	-7.538	400.282	1.000	0.710	96.080	s	p	F	0	1	20.0	20.0	20.0	Melendez20	F	0	0	none	none	T	T	T	T	T	T	558.1977	558.1727	558.2207		180118	180093	180141	0.611	0.590	558.1727	558.2207	180093	180141	558.1975	0.0059	-0.6100	1.000	9999.0000	0.0012	0.0138	7.4070	40474	0.610	0.597	0.0090	-4.79	89.6	0.0	0.0	0.000	0.000	0.0000	0.016	0.0000	0.0000	0	0.000	False	False	False
Ni 1	5589.358	558.9358	-1.140	3.8980	31439.475	2.0	6.1160	49328.867	2.0	5.0	1.060	1.000	AO	1.55E+08	8.190	-4.540	831.277	-7.221	831.277	1.000	0.390	27.840	p	d	F	0	1	28.0	28.0	28.0	Melendez20	F	0	0	none	none	T	T	T	T	T	T	558.9358	558.9187	558.9548		180856	180839	180875	0.210	0.189	558.9187	558.9548	180839	180875	558.9361	0.0049	-0.2104	1.000	9999.0000	0.0024	0.0115	6.1639	48637	0.210	0.209	0.0026	-5.34	25.7	0.0	0.0	0.000	0.000	0.0000	0.002	0.0000	0.0000	0	0.000	False	False	False
Ca 1	5590.114	559.0114	-0.571	2.5210	20333.226	1.0	4.7390	38222.613	2.0	5.0	0.500	1.170	AO	7.11E+07	7.852	-6.071	399.282	-7.539	399.282	1.000	0.710	95.220	s	p	F	0	1	20.0	20.0	20.0	Melendez20	F	0	0	none	none	T	T	T	T	T	T	559.0118	558.9958	559.0308		180932	180916	180951	0.597	0.577	558.9958	559.0308	180916	180951	559.0120	0.0058	-0.5977	1.000	9999.0000	0.0015	0.0137	7.3699	40678	0.598	0.584	0.0087	-4.81	87.4	0.0	0.0	0.000	0.000	0.0000	0.010	0.0000	0.0000	0	0.000	False	False	False
Fe 1	5618.633	561.8633	-1.276	4.2090	33947.858	2.0	6.4150	51740.465	2.0	5.0	1.490	1.130	AO	1.55E+08	8.190	-5.570	732.214	-7.264	732.214	1.000	0.580	51.850	p	s	F	0	1	26.0	26.0	26.0	Melendez20	F	0	0	none	none	T	T	T	T	T	T	561.8640	561.8460	561.8810		183784	183766	183801	0.380	0.359	561.8460	561.8810	183766	183801	561.8637	0.0050	-0.3792	1.000	9999.0000	0.0017	0.0118	6.3103	47508	0.379	0.370	0.0048	-5.07	47.7	0.0	0.0	0.000	0.000	0.0000	0.007	0.0000	0.0000	0	0.000	False	False	False
Fe 1	5638.262	563.8262	-0.810	4.2200	34036.579	4.0	6.4190	51772.727	3.0	7.0	1.340	1.490	AO	2.40E+08	8.380	-5.340	730.235	-7.269	730.235	1.000	0.660	73.770	d	f	F	0	1	26.0	26.0	26.0	Melendez20	F	0	0	none	none	T	T	T	T	T	T	563.8271	563.7951	563.8511		185747	185715	185771	0.513	0.492	563.7951	563.8511	185715	185771	563.8266	0.0057	-0.5127	1.000	9999.0000	0.0012	0.0135	7.1728	41796	0.513	0.510	0.0074	-4.88	73.6	0.0	0.0	0.000	0.000	0.0000	0.013	0.0000	0.0000	0	0.000	False	False	False
Si 1	5645.611	564.5611	-2.040	4.9290	39755.047	1.0	7.1250	57467.001	2.0	5.0	1.500	1.480	GA	3.47E+08	8.540	-4.560	-7.290	-7.290	-7.290	1.000	0.340	31.020	s	p	F	0	1	14.0	14.0	14.0	Melendez20	F	0	0	none	none	T	T	T	T	T	T	564.5612	564.5381	564.5742		186481	186458	186494	0.240	0.220	564.5381	564.5742	186458	186494	564.5612	0.0058	-0.2386	1.000	9999.0000	0.0026	0.0136	7.2285	41474	0.239	0.234	0.0035	-5.21	34.6	0.0	0.0	0.000	0.000	0.0000	0.008	0.0000	0.0000	0	0.000	False	False	False
Fe 1	5649.987	564.9987	-0.800	5.0995	41130.221	1.0	7.2930	58822.012	2.0	5.0	-0.010	0.340	AO	7.59E+08	8.880	-5.290	719.265	-7.282	719.265	1.000	0.380	27.960	d	f	F	0	1	26.0	26.0	26.0	Melendez20	F	0	0	none	none	T	T	T	T	T	T	564.9992	564.9832	565.0192		186919	186903	186939	0.263	0.242	564.9832	565.0192	186903	186939	564.9990	0.0052	-0.2621	1.000	9999.0000	0.0022	0.0122	6.4855	46225	0.262	0.259	0.0034	-5.22	34.1	0.0	0.0	0.000	0.000	0.0000	0.007	0.0000	0.0000	0	0.000	False	False	False
Fe 1	5661.348	566.1348	-1.756	4.2843	34555.193	0.0	6.4740	52216.332	1.0	3.0	0.000	1.420	AO	1.00E+08	8.000	-5.470	765.209	-7.244	765.209	1.000	0.370	26.220	d	f	F	0	1	26.0	26.0	26.0	Melendez20	F	0	0	none	none	T	T	T	T	T	T	566.1343	566.1173	566.1563		188054	188037	188076	0.172	0.152	566.1173	566.1563	188037	188076	566.1349	0.0049	-0.1732	1.000	9999.0000	0.0027	0.0115	6.1032	49120	0.173	0.172	0.0021	-5.43	21.3	0.0	0.0	0.000	0.000	0.0000	0.003	0.0000	0.0000	0	0.000	False	False	False
Si 1	5665.554	566.5554	-1.940	4.9200	39682.457	0.0	7.1080	57329.887	1.0	3.0	0.000	1.570	GA	3.39E+08	8.530	-4.570	-7.300	-7.300	-7.300	1.000	0.390	36.680	s	p	F	0	1	14.0	14.0	14.0	Melendez20	F	0	0	none	none	T	T	T	T	T	T	566.5563	566.5333	566.5813		188476	188453	188501	0.263	0.242	566.5333	566.5813	188453	188501	566.5560	0.0059	-0.2621	1.000	9999.0000	0.0021	0.0139	7.3593	40736	0.262	0.261	0.0039	-5.16	38.8	0.0	0.0	0.000	0.000	0.0000	0.007	0.0000	0.0000	0	0.000	False	False	False
Fe 1	5679.023	567.9023	-0.750	4.6520	37520.892	2.0	6.8350	55127.993	3.0	7.0	0.690	1.070	AO	1.62E+08	8.210	-5.060	1106.291	-7.099	1106.291	1.000	0.550	50.610	d	f	F	0	1	26.0	26.0	26.0	Melendez20	F	0	0	none	none	T	T	T	T	T	T	567.9024	567.8814	567.9294		189822	189801	189849	0.417	0.397	567.8814	567.9294	189801	189849	567.9028	0.0054	-0.4173	1.000	9999.0000	0.0014	0.0126	6.6709	44940	0.417	0.414	0.0056	-5.01	56.1	0.0	0.0	0.000	0.000	0.0000	0.009	0.0000	0.0000	0	0.000	False	False	False
Sc 2	5684.190	568.4190	-0.950	1.5070	12154.769	2.0	3.6880	29745.726	1.0	3.0	1.480	1.480	GA	1.48E+08	8.170	-6.550	-7.860	-7.860	-7.860	1.000	0.490	36.960	d	p	F	0	2	21.1	21.0	21.01	Melendez20	F	0	0	none	none	T	T	T	T	T	T	568.4194	568.4024	568.4324		190339	190322	190352	0.277	0.256	568.4024	568.4324	190322	190352	568.4195	0.0051	-0.2757	1.000	9999.0000	0.0024	0.0121	6.3953	46877	0.276	0.272	0.0036	-5.20	35.6	0.0	0.0	0.000	0.000	0.0000	0.007	0.0000	0.0000	0	0.000	False	False	False
Si 1	5684.484	568.4484	-1.550	4.9530	39948.620	2.0	7.1340	57539.591	1.0	3.0	1.500	1.840	GA	3.47E+08	8.540	-5.050	-7.300	-7.300	-7.300	1.000	0.530	57.540	s	p	F	0	1	14.0	14.0	14.0	Melendez20	F	0	0	none	none	T	T	T	T	T	T	568.4484	568.4324	568.4734		190368	190352	190393	0.391	0.371	568.4324	568.4734	190352	190393	568.4489	0.0059	-0.3920	1.000	9999.0000	0.0018	0.0140	7.3599	40733	0.392	0.384	0.0058	-4.99	58.2	0.0	0.0	0.000	0.000	0.0000	0.010	0.0000	0.0000	0	0.000	False	False	False
Si 1	5690.425	569.0425	-1.770	4.9290	39755.047	1.0	7.1080	57329.887	1.0	3.0	1.500	1.570	GA	3.47E+08	8.540	-4.570	-7.300	-7.300	-7.300	1.000	0.460	45.860	s	p	F	0	1	14.0	14.0	14.0	Melendez20	F	0	0	none	none	T	T	T	T	T	T	569.0425	569.0255	569.0685		190962	190945	190988	0.361	0.340	569.0255	569.0685	190945	190988	569.0429	0.0055	-0.3595	1.000	9999.0000	0.0017	0.0130	6.8737	43615	0.359	0.356	0.0050	-5.06	49.9	0.0	0.0	0.000	0.000	0.0000	0.012	0.0000	0.0000	0	0.000	False	False	False
Si 1	5701.104	570.1104	-1.950	4.9300	39763.112	1.0	7.1040	57297.625	0.0	1.0	1.500	0.000	GA	3.47E+08	8.540	-4.740	-7.290	-7.290	-7.290	1.000	0.380	35.640	s	p	F	0	1	14.0	14.0	14.0	Melendez20	F	0	0	none	none	T	T	T	T	T	T	570.1105	570.0885	570.1305		192030	192008	192050	0.255	0.235	570.0885	570.1305	192008	192050	570.1106	0.0057	-0.2541	1.000	9999.0000	0.0023	0.0134	7.0246	42678	0.254	0.251	0.0036	-5.20	36.1	0.0	0.0	0.000	0.000	0.0000	0.004	0.0000	0.0000	0	0.000	False	False	False
Fe 1	5701.544	570.1544	-2.216	2.5590	20639.717	4.0	4.7330	38174.220	3.0	7.0	1.240	1.320	AO	1.62E+08	8.210	-5.910	361.237	-7.576	361.237	1.000	0.720	82.220	s	p	F	0	1	26.0	26.0	26.0	Melendez20	F	0	0	none	none	T	T	T	T	T	T	570.1555	570.1305	570.1765		192075	192050	192096	0.555	0.534	570.1305	570.1765	192050	192096	570.1552	0.0057	-0.5549	1.000	9999.0000	0.0013	0.0135	7.1103	42163	0.555	0.551	0.0080	-4.85	79.9	0.0	0.0	0.000	0.000	0.0000	0.008	0.0000	0.0000	0	0.000	False	False	False
Fe 1	5705.464	570.5464	-1.355	4.3010	34689.888	1.0	6.4740	52216.332	1.0	3.0	-0.020	1.420	AO	2.40E+08	8.380	-5.470	744.231	-7.260	744.231	1.000	0.520	43.440	d	f	F	0	1	26.0	26.0	26.0	Melendez20	F	0	0	none	none	T	T	T	T	T	T	570.5466	570.5286	570.5676		192466	192448	192487	0.286	0.266	570.5286	570.5676	192448	192487	570.5468	0.0051	-0.2852	1.000	9999.0000	0.0020	0.0120	6.2832	47714	0.285	0.283	0.0036	-5.20	36.3	0.0	0.0	0.000	0.000	0.0000	0.005	0.0000	0.0000	0	0.000	False	False	False
Mg 1	5711.088	571.1088	-1.729	4.3450	35044.771	1.0	6.5160	52555.085	0.0	1.0	99.000	99.000	99	5.13E+08	8.710	0.000	0.000	0.000	2.500	1.000	0.660	100.850	p	s	F	0	1	12.0	12.0	12.0	Melendez20	F	0	0	none	none	T	T	T	F	T	T	571.1096	571.0846	571.1376		193029	193004	193057	0.559	0.539	571.0846	571.1376	193004	193057	571.1092	0.0071	-0.5585	1.000	9999.0000	0.0015	0.0167	8.7785	34151	0.558	0.540	0.0099	-4.76	99.4	0.0	0.0	0.000	0.000	0.0000	0.016	0.0000	0.0000	0	0.000	False	False	False
V 1	5727.046	572.7046	-0.011	1.0810	8718.849	3.5	3.2450	26172.690	4.5	10.0	1.390	1.230	AO	8.51E+07	7.930	-5.960	343.237	-7.598	343.237	1.000	0.530	39.550	s	p	F	0	1	23.0	23.0	23.0	Melendez20	F	0	0	none	none	T	T	T	T	T	T	572.7047	572.6917	572.7267		194624	194611	194646	0.268	0.247	572.6917	572.7267	194611	194646	572.7050	0.0058	-0.2679	1.000	9999.0000	0.0025	0.0136	7.1149	42136	0.268	0.265	0.0039	-5.17	38.8	0.0	0.0	0.000	0.000	0.0000	0.005	0.0000	0.0000	0	0.000	False	False	False
Si 1	5793.073	579.3073	-1.960	4.9290	39755.047	1.0	7.0690	57015.331	2.0	5.0	1.500	1.180	GA	3.39E+08	8.530	-4.370	-7.310	-7.310	-7.310	1.000	0.370	35.430	s	p	F	0	1	14.0	14.0	14.0	Melendez20	F	0	0	none	none	T	T	T	T	T	T	579.3072	579.2832	579.3312		201226	201202	201250	0.276	0.255	579.2832	579.3312	201202	201250	579.3075	0.0060	-0.2750	1.000	9999.0000	0.0021	0.0141	7.2808	41176	0.275	0.272	0.0041	-5.15	41.2	0.0	0.0	0.000	0.000	0.0000	0.006	0.0000	0.0000	0	0.000	False	False	False
Ni 1	5805.217	580.5217	-0.640	4.1672	33610.718	2.0	6.3020	50829.058	3.0	7.0	0.970	1.100	AO	2.40E+08	8.380	-4.580	841.280	-7.216	841.280	1.000	0.480	39.710	p	d	F	0	1	28.0	28.0	28.0	Melendez20	F	0	0	none	none	T	T	T	T	T	T	580.5223	580.5033	580.5463		202441	202422	202465	0.288	0.267	580.5033	580.5463	202422	202465	580.5223	0.0055	-0.2879	1.000	9999.0000	0.0021	0.0130	6.6955	44775	0.288	0.288	0.0040	-5.16	39.7	0.0	0.0	0.000	0.000	0.0000	0.005	0.0000	0.0000	0	0.000	False	False	False
Ba 2	5853.670	585.3670	-0.910	0.6040	4871.586	1.5	2.7220	21954.411	1.5	4.0	0.790	1.320	AO	1.00E+05	0.000	0.000	365.264	-7.578	365.264	1.000	0.710	62.110	d	p	F	0	2	56.1	56.0	56.01	Melendez20	F	0	0	none	none	T	T	T	F	T	T	585.3686	585.3456	585.3896		207287	207264	207308	0.484	0.464	585.3456	585.3896	207264	207308	585.3683	0.0049	-0.4835	1.000	9999.0000	0.0013	0.0117	5.9670	50242	0.483	0.477	0.0060	-4.99	60.0	0.0	0.0	0.000	0.000	0.0000	0.013	0.0000	0.0000	0	0.000	False	False	False
Fe 1	5855.076	585.5076	-1.478	4.6075	37161.976	3.0	6.7250	54240.783	4.0	9.0	1.090	0.900	AO	2.14E+08	8.330	-4.540	962.279	-7.158	962.279	1.000	0.330	24.720	p	d	F	0	1	26.0	26.0	26.0	Melendez20	F	0	0	none	none	T	T	T	T	T	T	585.5086	585.4936	585.5256		207427	207412	207444	0.168	0.147	585.4936	585.5256	207412	207444	585.5082	0.0051	-0.1677	1.000	9999.0000	0.0029	0.0121	6.2035	48326	0.168	0.164	0.0022	-5.43	21.6	0.0	0.0	0.000	0.000	0.0000	0.005	0.0000	0.0000	0	0.000	False	False	False
Ti 1	5866.452	586.6452	-0.840	1.0660	8597.866	2.0	3.1790	25640.364	3.0	7.0	1.490	1.330	AO	1.00E+08	8.000	-6.070	259.262	-7.724	259.262	1.000	0.570	46.790	s	p	F	0	1	22.0	22.0	22.0	Melendez20	F	0	0	none	none	T	T	T	T	T	T	586.6457	586.6287	586.6767		208564	208547	208595	0.353	0.333	586.6287	586.6767	208547	208595	586.6457	0.0053	-0.3523	1.000	9999.0000	0.0016	0.0124	6.3391	47292	0.352	0.352	0.0047	-5.10	46.5	0.0	0.0	0.000	0.000	0.0000	0.008	0.0000	0.0000	0	0.000	False	False	False
Ca 1	5867.562	586.7562	-1.570	2.9330	23656.229	1.0	5.0450	40690.669	0.0	1.0	1.000	0.000	GA	2.62E+08	8.419	-4.705	-7.460	-7.460	-7.460	1.000	0.310	24.190	p	s	F	0	1	20.0	20.0	20.0	Melendez20	F	0	0	none	none	T	T	T	T	T	T	586.7567	586.7377	586.7747		208675	208656	208693	0.188	0.167	586.7377	586.7747	208656	208693	586.7567	0.0054	-0.1873	1.000	9999.0000	0.0028	0.0128	6.5486	45780	0.187	0.186	0.0026	-5.36	25.6	0.0	0.0	0.000	0.000	0.0000	0.005	0.0000	0.0000	0	0.000	False	False	False
Fe 1	5905.672	590.5672	-0.690	4.6520	37520.892	2.0	6.7510	54450.488	1.0	3.0	0.690	1.470	AO	2.14E+08	8.330	-4.760	994.282	-7.144	994.282	1.000	0.580	61.690	d	f	F	0	1	26.0	26.0	26.0	Melendez20	F	0	0	none	none	T	T	T	T	T	T	590.5680	590.5460	590.5900		212486	212464	212508	0.399	0.378	590.5460	590.5900	212464	212508	590.5677	0.0055	-0.3984	1.000	9999.0000	0.0016	0.0129	6.5514	45760	0.398	0.390	0.0055	-5.03	54.7	0.0	0.0	0.000	0.000	0.0000	0.011	0.0000	0.0000	0	0.000	False	False	False
Fe 1	5916.247	591.6247	-2.936	2.4530	19784.770	4.0	4.5490	36690.160	4.0	9.0	0.810	1.250	AO	1.17E+08	8.070	-6.090	341.238	-7.601	341.238	1.000	0.590	50.430	s	p	F	0	1	26.0	26.0	26.0	Melendez20	F	0	0	none	none	T	T	T	T	T	T	591.6251	591.6101	591.6431		213543	213528	213561	0.396	0.375	591.6101	591.6431	213528	213561	591.6255	0.0053	-0.3960	1.000	9999.0000	0.0018	0.0124	6.2880	47677	0.396	0.384	0.0052	-5.05	52.3	0.0	0.0	0.000	0.000	0.0000	0.008	0.0000	0.0000	0	0.000	False	False	False
Fe 1	5927.789	592.7789	-1.040	4.6520	37520.892	2.0	6.7430	54385.963	1.0	3.0	0.690	0.760	AO	2.09E+08	8.320	-6.060	984.281	-7.148	984.281	1.000	0.470	41.300	d	f	F	0	1	26.0	26.0	26.0	Melendez20	F	0	0	none	none	T	T	T	T	T	T	592.7792	592.7592	592.8022		214697	214677	214720	0.303	0.283	592.7592	592.8022	214677	214720	592.7793	0.0054	-0.3024	1.000	9999.0000	0.0019	0.0126	6.3862	46944	0.302	0.300	0.0041	-5.16	40.6	0.0	0.0	0.000	0.000	0.0000	0.006	0.0000	0.0000	0	0.000	False	False	False
Fe 1	5934.655	593.4655	-1.070	3.9280	31681.441	2.0	6.0170	48530.378	3.0	7.0	1.170	1.110	AO	6.03E+07	7.780	-5.290	959.247	-7.153	959.247	1.000	0.640	77.320	p	s	F	0	1	26.0	26.0	26.0	Melendez20	F	0	0	none	none	T	T	T	T	T	T	593.4662	593.4412	593.4892		215384	215359	215407	0.481	0.460	593.4412	593.4892	215359	215407	593.4661	0.0059	-0.4797	1.000	9999.0000	0.0014	0.0138	6.9876	42904	0.480	0.475	0.0071	-4.92	70.6	0.0	0.0	0.000	0.000	0.0000	0.011	0.0000	0.0000	0	0.000	False	False	False
Fe 1	5956.694	595.6694	-4.605	0.8589	6927.492	5.0	2.9400	23712.699	4.0	9.0	1.400	1.750	AO	1.00E+04	4.000	-6.170	227.252	-7.780	227.252	1.000	0.610	49.670	s	p	F	0	1	26.0	26.0	26.0	Melendez20	F	0	0	none	none	T	T	T	F	T	T	595.6704	595.6534	595.6914		217588	217571	217609	0.406	0.385	595.6534	595.6914	217571	217609	595.6703	0.0053	-0.4040	1.000	9999.0000	0.0016	0.0124	6.2503	47965	0.404	0.401	0.0053	-5.05	53.4	0.0	0.0	0.000	0.000	0.0000	0.011	0.0000	0.0000	0	0.000	False	False	False
Fe 1	5987.065	598.7065	-0.212	4.7950	38674.264	2.0	6.8660	55378.025	1.0	3.0	1.150	1.460	GA	2.00E+08	8.300	-4.860	-7.420	-7.420	-7.420	1.000	0.610	67.120	p	d	F	0	1	26.0	26.0	26.0	Melendez20	F	0	0	none	none	T	T	T	T	T	T	598.7066	598.6816	598.7306		220624	220599	220648	0.445	0.425	598.6816	598.7306	220599	220648	598.7067	0.0062	-0.4446	1.000	9999.0000	0.0016	0.0146	7.3251	40927	0.445	0.437	0.0069	-4.94	69.2	0.0	0.0	0.000	0.000	0.0000	0.014	0.0000	0.0000	0	0.000	False	False	False
Fe 1	6003.012	600.3012	-1.060	3.8810	31302.361	4.0	5.9460	47957.725	4.0	9.0	1.250	1.290	AO	5.62E+07	7.750	-5.380	898.241	-7.181	898.241	1.000	0.650	83.130	p	s	F	0	1	26.0	26.0	26.0	Melendez20	F	0	0	none	none	T	T	T	T	T	T	600.3017	600.2767	600.3307		222219	222194	222248	0.511	0.490	600.2767	600.3307	222194	222248	600.3020	0.0062	-0.5094	1.000	9999.0000	0.0014	0.0145	7.2498	41352	0.509	0.502	0.0079	-4.88	78.7	0.0	0.0	0.000	0.000	0.0000	0.016	0.0000	0.0000	0	0.000	False	False	False
Fe 1	6005.541	600.5541	-3.430	2.5880	20873.618	3.0	4.6520	37520.911	2.0	5.0	1.070	0.690	GA	1.17E+08	8.070	-6.290	-7.750	-7.750	-7.750	1.000	0.280	18.080	s	p	F	0	1	26.0	26.0	26.0	Melendez20	F	0	0	none	none	T	T	T	T	T	T	600.5547	600.5367	600.5717		222472	222454	222489	0.178	0.157	600.5367	600.5717	222454	222489	600.5547	0.0050	-0.1779	1.000	9999.0000	0.0028	0.0117	5.8541	51211	0.178	0.176	0.0022	-5.43	22.2	0.0	0.0	0.000	0.000	0.0000	0.004	0.0000	0.0000	0	0.000	False	False	False
Fe 1	6027.050	602.7050	-1.090	4.0758	32873.528	4.0	6.1320	49457.916	5.0	11.0	1.260	1.160	GA	1.02E+08	8.010	-6.030	-7.780	-7.780	-7.780	1.000	0.620	63.740	d	p	F	0	1	26.0	26.0	26.0	Melendez20	F	0	0	none	none	T	T	T	T	T	T	602.7059	602.6859	602.7329		224623	224603	224650	0.444	0.423	602.6859	602.7329	224603	224650	602.7057	0.0055	-0.4433	1.000	9999.0000	0.0015	0.0130	6.4828	46244	0.443	0.438	0.0061	-4.99	61.5	0.0	0.0	0.000	0.000	0.0000	0.008	0.0000	0.0000	0	0.000	False	False	False
Fe 1	6056.005	605.6005	-0.450	4.7330	38174.201	3.0	6.7800	54684.388	4.0	9.0	1.320	1.140	AO	2.09E+08	8.320	-4.950	1029.286	-7.130	1029.286	1.000	0.610	74.970	d	f	F	0	1	26.0	26.0	26.0	Melendez20	F	0	0	none	none	T	T	T	T	T	T	605.6011	605.5781	605.6241		227518	227495	227541	0.460	0.439	605.5781	605.6241	227495	227541	605.6010	0.0060	-0.4583	1.000	9999.0000	0.0015	0.0141	6.9875	42904	0.458	0.445	0.0069	-4.94	68.9	0.0	0.0	0.000	0.000	0.0000	0.012	0.0000	0.0000	0	0.000	False	False	False
Fe 1	6079.009	607.9009	-1.100	4.6520	37520.892	2.0	6.6910	53966.555	2.0	5.0	0.690	1.420	AO	2.14E+08	8.330	-4.500	920.276	-7.177	920.276	1.000	0.450	39.830	d	f	F	0	1	26.0	26.0	26.0	Melendez20	F	0	0	none	none	T	T	T	T	T	T	607.9012	607.8812	607.9242		229818	229798	229841	0.325	0.304	607.8812	607.9242	229798	229841	607.9013	0.0054	-0.3236	1.000	9999.0000	0.0019	0.0128	6.3043	47553	0.324	0.316	0.0044	-5.14	44.0	0.0	0.0	0.000	0.000	0.0000	0.007	0.0000	0.0000	0	0.000	False	False	False
Fe 1	6082.711	608.2711	-3.573	2.2230	17929.695	1.0	4.2600	34359.217	1.0	3.0	2.500	1.500	AO	4.90E+06	6.690	-6.130	306.271	-7.654	306.271	1.000	0.460	34.010	s	p	F	0	1	26.0	26.0	26.0	Melendez20	F	0	0	none	none	T	T	T	T	T	T	608.2713	608.2573	608.2913		230188	230174	230208	0.269	0.248	608.2573	608.2913	230174	230208	608.2715	0.0050	-0.2686	1.000	9999.0000	0.0022	0.0117	5.7527	52114	0.269	0.267	0.0033	-5.26	33.4	0.0	0.0	0.000	0.000	0.0000	0.004	0.0000	0.0000	0	0.000	False	False	False
Ni 1	6086.282	608.6282	-0.510	4.2660	34407.594	1.0	6.3030	50837.124	2.0	5.0	0.510	0.750	AO	2.75E+08	8.440	-4.040	838.279	-7.218	838.279	1.000	0.470	41.110	p	d	F	0	1	28.0	28.0	28.0	Melendez20	F	0	0	none	none	T	T	T	T	T	T	608.6283	608.6023	608.6503		230545	230519	230567	0.297	0.276	608.6023	608.6503	230519	230567	608.6286	0.0056	-0.2968	1.000	9999.0000	0.0019	0.0133	6.5293	45915	0.297	0.294	0.0042	-5.16	41.9	0.0	0.0	0.000	0.000	0.0000	0.007	0.0000	0.0000	0	0.000	False	False	False
V 1	6090.210	609.0210	-0.062	1.0800	8710.783	3.5	3.1160	25132.235	2.5	6.0	1.390	1.590	AO	4.57E+07	7.660	-6.060	331.239	-7.613	331.239	1.000	0.490	38.240	X	X	F	0	1	23.0	23.0	23.0	Melendez20	F	0	0	none	none	T	T	T	T	T	T	609.0213	608.9973	609.0393		230938	230914	230956	0.235	0.214	608.9973	609.0393	230914	230956	609.0214	0.0052	-0.2346	1.000	9999.0000	0.0023	0.0122	6.0256	49753	0.235	0.228	0.0031	-5.30	30.6	0.0	0.0	0.000	0.000	0.0000	0.005	0.0000	0.0000	0	0.000	False	False	False
Fe 1	6093.644	609.3644	-1.300	4.6070	37157.943	3.0	6.6420	53571.343	2.0	5.0	1.090	1.400	AO	2.14E+08	8.330	-4.570	866.274	-7.203	866.274	1.000	0.310	24.070	d	f	F	0	1	26.0	26.0	26.0	Melendez20	F	0	0	none	none	T	T	T	T	T	T	609.3643	609.3413	609.3853		231281	231258	231302	0.220	0.200	609.3413	609.3853	231258	231302	609.3648	0.0054	-0.2197	1.000	9999.0000	0.0023	0.0127	6.2437	48016	0.220	0.217	0.0030	-5.31	29.7	0.0	0.0	0.000	0.000	0.0000	0.005	0.0000	0.0000	0	0.000	False	False	False
Fe 1	6096.665	609.6665	-1.810	3.9841	32133.918	2.0	6.0170	48530.378	3.0	7.0	0.680	1.110	AO	5.62E+07	7.750	-5.290	963.250	-7.152	963.250	1.000	0.390	31.670	p	s	F	0	1	26.0	26.0	26.0	Melendez20	F	0	0	none	none	T	T	T	T	T	T	609.6674	609.6444	609.6894		231584	231561	231606	0.264	0.243	609.6444	609.6894	231561	231606	609.6670	0.0055	-0.2632	1.000	9999.0000	0.0021	0.0130	6.3898	46917	0.263	0.261	0.0036	-5.22	36.4	0.0	0.0	0.000	0.000	0.0000	0.005	0.0000	0.0000	0	0.000	False	False	False
Ni 1	6108.116	610.8116	-2.440	1.6760	13517.845	2.0	3.7060	29890.906	2.0	5.0	1.140	1.040	AO	6.46E+07	7.810	-6.120	274.288	-7.705	274.288	1.000	0.640	61.140	s	p	F	0	1	28.0	28.0	28.0	Melendez20	F	0	0	none	none	T	T	T	T	T	T	610.8124	610.7804	610.8364		232729	232697	232753	0.445	0.424	610.7804	610.8364	232697	232753	610.8121	0.0056	-0.4446	1.000	9999.0000	0.0014	0.0133	6.5105	46047	0.445	0.444	0.0063	-4.99	62.8	0.0	0.0	0.000	0.000	0.0000	0.007	0.0000	0.0000	0	0.000	False	False	False
V 1	6119.528	611.9528	-0.320	1.0640	8581.735	2.5	3.0890	24914.465	1.5	4.0	1.350	1.710	AO	4.57E+07	7.660	-6.070	328.240	-7.618	328.240	1.000	0.360	25.800	s	p	F	0	1	23.0	23.0	23.0	Melendez20	F	0	0	none	none	T	T	T	T	T	T	611.9535	611.9365	611.9655		233870	233853	233882	0.161	0.140	611.9365	611.9655	233853	233882	611.9533	0.0051	-0.1609	1.000	9999.0000	0.0032	0.0120	5.8774	51007	0.161	0.160	0.0021	-5.47	20.5	0.0	0.0	0.000	0.000	0.0000	0.004	0.0000	0.0000	0	0.000	False	False	False
Si 1	6125.021	612.5021	-1.500	5.6140	45279.942	1.0	7.6370	61596.560	2.0	5.0	0.500	0.920	GA	8.13E+07	7.910	-5.560	-7.130	-7.130	-7.130	1.000	0.320	33.660	d	f	F	0	1	14.0	14.0	14.0	Melendez20	F	0	0	none	none	T	T	T	T	T	T	612.5026	612.4746	612.5276		234419	234391	234444	0.186	0.165	612.4746	612.5276	234391	234444	612.5024	0.0063	-0.1846	1.000	9999.0000	0.0026	0.0148	7.2466	41370	0.185	0.184	0.0029	-5.32	29.1	0.0	0.0	0.000	0.000	0.0000	0.005	0.0000	0.0000	0	0.000	False	False	False
Ti 1	6126.217	612.6217	-1.424	1.0660	8597.866	2.0	3.0900	24922.531	1.0	3.0	1.490	1.990	AO	8.32E+06	6.920	-6.100	254.263	-7.733	254.263	1.000	0.280	19.120	s	p	F	0	1	22.0	22.0	22.0	Melendez20	F	0	0	none	none	T	T	T	T	T	T	612.6226	612.6046	612.6406		234539	234521	234557	0.167	0.146	612.6046	612.6406	234521	234557	612.6222	0.0050	-0.1659	1.000	9999.0000	0.0026	0.0117	5.7362	52264	0.166	0.163	0.0021	-5.47	20.7	0.0	0.0	0.000	0.000	0.0000	0.003	0.0000	0.0000	0	0.000	False	False	False
Ni 1	6130.135	613.0135	-0.960	4.2660	34407.594	1.0	6.2880	50716.141	1.0	3.0	0.510	0.450	AO	2.82E+08	8.450	-6.000	825.281	-7.225	825.281	1.000	0.290	21.810	p	d	F	0	1	28.0	28.0	28.0	Melendez20	F	0	0	none	none	T	T	T	T	T	T	613.0136	612.9946	613.0296		234930	234911	234946	0.165	0.145	612.9946	613.0296	234911	234946	613.0140	0.0053	-0.1649	1.000	9999.0000	0.0031	0.0124	6.0797	49310	0.165	0.160	0.0022	-5.45	21.8	0.0	0.0	0.000	0.000	0.0000	0.004	0.0000	0.0000	0	0.000	False	False	False
Si 1	6145.015	614.5015	-1.410	5.6160	45296.073	2.0	7.6330	61564.297	3.0	7.0	1.170	0.930	GA	8.32E+07	7.920	-3.630	-7.130	-7.130	-7.130	1.000	0.370	45.210	d	f	F	0	1	14.0	14.0	14.0	Melendez20	F	0	0	none	none	T	T	T	T	T	T	614.5017	614.4787	614.5277		236418	236395	236444	0.235	0.214	614.4787	614.5277	236395	236444	614.5020	0.0063	-0.2342	1.000	9999.0000	0.0024	0.0148	7.2101	41579	0.234	0.229	0.0037	-5.22	36.8	0.0	0.0	0.000	0.000	0.0000	0.007	0.0000	0.0000	0	0.000	False	False	False
Fe 1	6151.618	615.1618	-3.299	2.1759	17549.808	3.0	4.1910	33802.695	2.0	5.0	1.670	1.500	AO	1.95E+08	8.290	-6.160	277.263	-7.696	277.263	1.000	0.570	49.490	s	p	F	0	1	26.0	26.0	26.0	Melendez20	F	0	0	none	none	T	T	T	T	T	T	615.1617	615.1347	615.1837		237078	237051	237100	0.362	0.341	615.1347	615.1837	237051	237100	615.1623	0.0053	-0.3624	1.000	9999.0000	0.0016	0.0124	6.0470	49577	0.362	0.361	0.0048	-5.11	47.9	0.0	0.0	0.000	0.000	0.0000	0.004	0.0000	0.0000	0	0.000	False	False	False
Na 1	6154.225	615.4225	-1.547	2.1023	16956.185	0.5	4.1160	33197.779	0.5	2.0	99.000	99.000	99	7.08E+07	7.850	-4.390	0.000	0.000	2.000	1.000	0.310	31.140	p	s	F	0	1	11.0	11.0	11.0	Melendez20	F	0	0	none	none	T	T	T	F	T	T	615.4228	615.3998	615.4408		237339	237316	237357	0.233	0.213	615.3998	615.4408	237316	237357	615.4230	0.0061	-0.2328	1.000	9999.0000	0.0026	0.0144	7.0021	42815	0.233	0.227	0.0036	-5.24	35.6	0.0	0.0	0.000	0.000	0.0000	0.008	0.0000	0.0000	0	0.000	False	False	False
Fe 1	6157.728	615.7728	-1.220	4.0760	32875.141	4.0	6.0890	49111.097	4.0	9.0	1.260	1.180	GA	7.76E+07	7.890	-6.030	-7.790	-7.790	-7.790	1.000	0.580	56.200	d	p	F	0	1	26.0	26.0	26.0	Melendez20	F	0	0	none	none	T	T	T	T	T	T	615.7738	615.7528	615.8008		237690	237669	237717	0.412	0.391	615.7528	615.8008	237669	237717	615.7734	0.0057	-0.4120	1.000	9999.0000	0.0016	0.0134	6.5203	45979	0.412	0.408	0.0059	-5.02	58.7	0.0	0.0	0.000	0.000	0.0000	0.009	0.0000	0.0000	0	0.000	False	False	False
Na 1	6160.747	616.0747	-1.246	2.1044	16973.122	1.5	4.1160	33197.779	0.5	2.0	99.000	99.000	99	7.08E+07	7.850	-4.390	0.000	0.000	2.000	1.000	0.430	48.360	p	s	F	0	1	11.0	11.0	11.0	Melendez20	F	0	0	none	none	T	T	T	F	T	T	616.0748	616.0528	616.0988		237991	237969	238015	0.340	0.320	616.0528	616.0988	237969	238015	616.0752	0.0062	-0.3401	1.000	9999.0000	0.0020	0.0146	7.1105	42162	0.340	0.337	0.0053	-5.07	52.9	0.0	0.0	0.000	0.000	0.0000	0.004	0.0000	0.0000	0	0.000	False	False	False
Fe 1	6165.360	616.5360	-1.460	4.1426	33412.306	3.0	6.1530	49627.292	4.0	9.0	1.070	0.910	GA	1.00E+08	8.000	-6.020	-7.780	-7.780	-7.780	1.000	0.510	43.490	d	p	F	0	1	26.0	26.0	26.0	Melendez20	F	0	0	none	none	T	T	T	T	T	T	616.5368	616.5118	616.5568		238453	238428	238473	0.316	0.295	616.5118	616.5568	238428	238473	616.5365	0.0054	-0.3162	1.000	9999.0000	0.0018	0.0126	6.1437	48797	0.316	0.316	0.0043	-5.16	42.5	0.0	0.0	0.000	0.000	0.0000	0.003	0.0000	0.0000	0	0.000	False	False	False
Ca 1	6166.439	616.6439	-1.142	2.5210	20333.226	1.0	4.5310	36544.980	0.0	1.0	0.500	0.000	AO	1.86E+07	7.269	-4.999	976.257	-7.146	976.257	1.000	0.580	72.120	s	p	F	0	1	20.0	20.0	20.0	Melendez20	F	0	0	none	none	T	T	T	T	T	T	616.6439	616.6189	616.6699		238560	238535	238586	0.447	0.426	616.6189	616.6699	238535	238586	616.6440	0.0060	-0.4465	1.000	9999.0000	0.0015	0.0141	6.8486	43775	0.446	0.442	0.0067	-4.96	66.9	0.0	0.0	0.000	0.000	0.0000	0.007	0.0000	0.0000	0	0.000	False	False	False
Ca 1	6169.042	616.9042	-0.797	2.5230	20349.357	2.0	4.5320	36553.045	1.0	3.0	1.160	1.490	AO	1.98E+07	7.296	-4.997	976.257	-7.146	976.257	1.000	0.640	96.850	s	p	F	0	1	20.0	20.0	20.0	Melendez20	F	0	0	none	none	T	T	T	T	T	T	616.9039	616.8649	616.9299		238820	238781	238846	0.541	0.521	616.8649	616.9299	238781	238846	616.9042	0.0065	-0.5407	1.000	9999.0000	0.0012	0.0153	7.4307	40345	0.541	0.537	0.0088	-4.85	88.0	0.0	0.0	0.000	0.000	0.0000	0.017	0.0000	0.0000	0	0.000	False	False	False
Fe 1	6173.335	617.3335	-2.880	2.2230	17929.695	1.0	4.2310	34125.317	0.0	1.0	2.500	0.000	AO	2.04E+08	8.310	-6.160	281.266	-7.690	281.266	1.000	0.650	67.250	s	p	F	0	1	26.0	26.0	26.0	Melendez20	F	0	0	none	none	T	T	T	T	T	T	617.3339	617.3109	617.3629		239250	239227	239279	0.467	0.446	617.3109	617.3629	239227	239279	617.3341	0.0055	-0.4662	1.000	9999.0000	0.0014	0.0131	6.3431	47262	0.466	0.460	0.0065	-4.98	64.8	0.0	0.0	0.000	0.000	0.0000	0.008	0.0000	0.0000	0	0.000	False	False	False
Ni 1	6176.811	617.6811	-0.260	4.0880	32971.928	4.0	6.0950	49159.491	5.0	11.0	1.220	1.200	AO	1.62E+08	8.210	-4.840	826.284	-7.225	826.284	1.000	0.590	65.680	p	d	F	0	1	28.0	28.0	28.0	Melendez20	F	0	0	none	none	T	T	T	T	T	T	617.6819	617.6529	617.7069		239598	239569	239623	0.406	0.385	617.6529	617.7069	239569	239623	617.6816	0.0060	-0.4047	1.000	9999.0000	0.0016	0.0142	6.8868	43531	0.405	0.402	0.0061	-5.00	61.1	0.0	0.0	0.000	0.000	0.0000	0.009	0.0000	0.0000	0	0.000	False	False	False
Fe 1	6187.990	618.7990	-1.670	3.9430	31802.424	3.0	5.9460	47957.725	4.0	9.0	1.090	1.290	AO	5.62E+07	7.750	-5.380	903.244	-7.179	903.244	1.000	0.490	44.500	p	s	F	0	1	26.0	26.0	26.0	Melendez20	F	0	0	none	none	T	T	T	T	T	T	618.8000	618.7720	618.8210		240716	240688	240737	0.325	0.304	618.7720	618.8210	240688	240737	618.7995	0.0056	-0.3254	1.000	9999.0000	0.0018	0.0131	6.3627	47117	0.325	0.324	0.0045	-5.13	45.5	0.0	0.0	0.000	0.000	0.0000	0.006	0.0000	0.0000	0	0.000	False	False	False
Fe 1	6200.313	620.0313	-2.437	2.6085	21038.961	2.0	4.6080	37166.027	3.0	7.0	0.660	1.090	AO	1.20E+08	8.080	-6.290	350.235	-7.589	350.235	1.000	0.650	71.090	s	p	F	0	1	26.0	26.0	26.0	Melendez20	F	0	0	none	none	T	T	T	T	T	T	620.0321	620.0061	620.0551		241948	241922	241971	0.488	0.467	620.0061	620.0551	241922	241971	620.0322	0.0058	-0.4874	1.000	9999.0000	0.0014	0.0136	6.5526	45751	0.487	0.482	0.0070	-4.95	70.3	0.0	0.0	0.000	0.000	0.0000	0.011	0.0000	0.0000	0	0.000	False	False	False
Ni 1	6204.604	620.4604	-1.140	4.0880	32971.928	4.0	6.0860	49086.901	4.0	9.0	1.220	1.330	AO	1.91E+08	8.280	-5.460	719.247	-7.278	719.247	1.000	0.310	23.700	p	s	F	0	1	28.0	28.0	28.0	Melendez20	F	0	0	none	none	T	T	T	T	T	T	620.4611	620.4451	620.4771		242377	242361	242393	0.161	0.140	620.4451	620.4771	242361	242393	620.4610	0.0054	-0.1608	1.000	9999.0000	0.0033	0.0126	6.1061	49098	0.161	0.154	0.0022	-5.46	21.6	0.0	0.0	0.000	0.000	0.0000	0.005	0.0000	0.0000	0	0.000	False	False	False
Fe 1	6213.430	621.3430	-2.520	2.2227	17927.276	1.0	4.2180	34020.465	1.0	3.0	2.500	1.490	AO	2.04E+08	8.310	-6.160	280.265	-7.691	280.265	1.000	0.690	86.870	s	p	F	0	1	26.0	26.0	26.0	Melendez20	F	0	0	none	none	T	T	T	T	T	T	621.3442	621.3232	621.3682		243260	243239	243284	0.526	0.505	621.3232	621.3682	243239	243284	621.3438	0.0060	-0.5267	1.000	9999.0000	0.0014	0.0141	6.8060	44048	0.527	0.520	0.0079	-4.90	79.1	0.0	0.0	0.000	0.000	0.0000	0.008	0.0000	0.0000	0	0.000	False	False	False
Fe 1	6219.281	621.9281	-2.433	2.1980	17728.057	2.0	4.1910	33802.695	2.0	5.0	1.820	1.500	AO	1.95E+08	8.290	-6.160	278.264	-7.694	278.264	1.000	0.700	90.770	s	p	F	0	1	26.0	26.0	26.0	Melendez20	F	0	0	none	none	T	T	T	T	T	T	621.9292	621.8952	621.9512		243845	243811	243867	0.548	0.527	621.8952	621.9512	243811	243867	621.9288	0.0062	-0.5479	1.000	9999.0000	0.0013	0.0145	6.9972	42845	0.548	0.547	0.0085	-4.87	84.7	0.0	0.0	0.000	0.000	0.0000	0.011	0.0000	0.0000	0	0.000	False	False	False
Ni 1	6223.984	622.3984	-0.980	4.1050	33109.042	3.0	6.0970	49175.622	4.0	9.0	1.190	1.050	AO	2.24E+08	8.350	-4.870	827.283	-7.224	827.283	1.000	0.380	30.420	p	d	F	0	1	28.0	28.0	28.0	Melendez20	F	0	0	none	none	T	T	T	T	T	T	622.3993	622.3793	622.4173		244315	244295	244333	0.194	0.174	622.3793	622.4173	244295	244333	622.3990	0.0056	-0.1945	1.000	9999.0000	0.0027	0.0132	6.3359	47317	0.194	0.190	0.0027	-5.36	27.2	0.0	0.0	0.000	0.000	0.0000	0.005	0.0000	0.0000	0	0.000	False	False	False
Fe 1	6226.736	622.6736	-2.100	3.8830	31318.492	3.0	5.8740	47377.005	4.0	9.0	1.320	1.330	AO	6.76E+07	7.830	-5.270	845.244	-7.208	845.244	1.000	0.310	23.300	p	s	F	0	1	26.0	26.0	26.0	Melendez20	F	0	0	none	none	T	T	T	T	T	T	622.6743	622.6553	622.7003		244590	244571	244616	0.205	0.184	622.6553	622.7003	244571	244616	622.6740	0.0055	-0.2042	1.000	9999.0000	0.0023	0.0129	6.2007	48348	0.204	0.203	0.0028	-5.35	28.0	0.0	0.0	0.000	0.000	0.0000	0.005	0.0000	0.0000	0	0.000	False	False	False
Fe 1	6240.646	624.0646	-3.233	2.2227	17927.276	1.0	4.2090	33947.875	2.0	5.0	2.500	1.490	AO	6.46E+06	6.810	-6.130	301.272	-7.661	301.272	1.000	0.570	50.860	s	p	F	0	1	26.0	26.0	26.0	Melendez20	F	0	0	none	none	T	T	T	T	T	T	624.0654	624.0474	624.0884		245981	245963	246004	0.357	0.336	624.0474	624.0884	245963	246004	624.0652	0.0052	-0.3558	1.000	9999.0000	0.0017	0.0123	5.8929	50874	0.356	0.355	0.0046	-5.13	46.5	0.0	0.0	0.000	0.000	0.0000	0.004	0.0000	0.0000	0	0.000	False	False	False
Si 1	6243.823	624.3823	-1.270	5.6160	45296.073	2.0	7.6010	61306.200	3.0	7.0	1.170	0.870	GA	8.13E+07	7.910	-3.500	-7.130	-7.130	-7.130	1.000	0.390	51.000	d	f	F	0	1	14.0	14.0	14.0	Melendez20	F	0	0	none	none	T	T	T	T	T	T	624.3824	624.3594	624.4024		246298	246275	246318	0.271	0.250	624.3594	624.4024	246275	246318	624.3820	0.0065	-0.2707	1.000	9999.0000	0.0025	0.0154	7.3725	40663	0.271	0.261	0.0044	-5.15	44.2	0.0	0.0	0.000	0.000	0.0000	0.010	0.0000	0.0000	0	0.000	False	False	False
Si 1	6244.476	624.4476	-1.320	5.6160	45296.073	2.0	7.6010	61306.200	3.0	7.0	1.170	1.140	GA	8.13E+07	7.910	-3.490	-7.130	-7.130	-7.130	1.000	0.450	63.030	d	f	F	0	1	14.0	14.0	14.0	Melendez20	F	0	0	none	none	T	T	T	T	T	T	624.4474	624.4264	624.4834		246363	246342	246399	0.263	0.243	624.4264	624.4834	246342	246399	624.4475	0.0065	-0.2620	1.000	9999.0000	0.0021	0.0154	7.4046	40488	0.262	0.260	0.0043	-5.16	43.0	0.0	0.0	0.000	0.000	0.0000	0.007	0.0000	0.0000	0	0.000	False	False	False
Sc 2	6245.630	624.5630	-1.030	1.5070	12154.769	2.0	3.4920	28164.880	3.0	7.0	1.480	1.320	GA	2.40E+08	8.380	-6.590	-7.830	-7.830	-7.830	1.000	0.480	40.980	d	p	F	0	2	21.1	21.0	21.01	Melendez20	F	0	0	none	none	T	T	T	T	T	T	624.5624	624.5424	624.5824		246478	246458	246498	0.238	0.217	624.5424	624.5824	246458	246498	624.5622	0.0055	-0.2377	1.000	9999.0000	0.0023	0.0129	6.2022	48336	0.238	0.236	0.0033	-5.28	32.7	0.0	0.0	0.000	0.000	0.0000	0.003	0.0000	0.0000	0	0.000	False	False	False
Fe 2	6247.557	624.7557	-2.300	3.8918	31389.469	2.5	5.8760	47393.137	1.5	4.0	1.330	1.720	AO	3.16E+08	8.500	-6.530	186.272	-7.870	186.272	1.000	0.540	54.810	s	p	F	0	2	26.1	26.0	26.01	Melendez20	F	0	0	none	none	T	T	T	T	T	T	624.7564	624.7394	624.7764		246672	246655	246692	0.348	0.328	624.7394	624.7764	246655	246692	624.7564	0.0057	-0.3473	1.000	9999.0000	0.0021	0.0135	6.4769	46286	0.347	0.344	0.0050	-5.10	49.9	0.0	0.0	0.000	0.000	0.0000	0.008	0.0000	0.0000	0	0.000	False	False	False
Ti 1	6258.104	625.8104	-0.355	1.4430	11638.574	3.0	3.4240	27616.423	4.0	9.0	1.080	1.050	AO	1.78E+08	8.250	-5.990	355.237	-7.582	355.237	1.000	0.550	49.880	s	p	F	0	1	22.0	22.0	22.0	Melendez20	F	0	0	none	none	T	T	T	T	T	T	625.8105	625.7895	625.8335		247726	247705	247749	0.368	0.348	625.7895	625.8335	247705	247749	625.8109	0.0054	-0.3693	1.000	9999.0000	0.0017	0.0126	6.0593	49477	0.369	0.368	0.0050	-5.10	49.7	0.0	0.0	0.000	0.000	0.0000	0.005	0.0000	0.0000	0	0.000	False	False	False
Ti 1	6261.101	626.1101	-0.479	1.4290	11525.657	2.0	3.4090	27495.439	3.0	7.0	0.670	0.750	AO	1.82E+08	8.260	-5.980	353.236	-7.585	353.236	1.000	0.510	43.340	s	p	F	0	1	22.0	22.0	22.0	Melendez20	F	0	0	none	none	T	T	T	T	T	T	626.1105	626.0905	626.1435		248026	248006	248059	0.348	0.327	626.0905	626.1435	248006	248059	626.1105	0.0056	-0.3465	1.000	9999.0000	0.0016	0.0132	6.3122	47494	0.347	0.343	0.0049	-5.11	48.6	0.0	0.0	0.000	0.000	0.0000	0.010	0.0000	0.0000	0	0.000	False	False	False
Fe 1	6265.134	626.5134	-2.550	2.1759	17549.808	3.0	4.1540	33504.270	3.0	7.0	1.670	1.490	AO	2.00E+08	8.300	-6.160	274.261	-7.700	274.261	1.000	0.690	85.950	s	p	F	0	1	26.0	26.0	26.0	Melendez20	F	0	0	none	none	T	T	T	T	T	T	626.5146	626.4786	626.5386		248430	248394	248454	0.545	0.524	626.4786	626.5386	248394	248454	626.5142	0.0060	-0.5453	1.000	9999.0000	0.0012	0.0141	6.7533	44392	0.545	0.539	0.0082	-4.88	81.9	0.0	0.0	0.000	0.000	0.0000	0.012	0.0000	0.0000	0	0.000	False	False	False
Fe 1	6270.225	627.0225	-2.540	2.8580	23051.313	0.0	4.8350	38996.905	1.0	3.0	0.000	0.490	AO	1.58E+08	8.200	-5.880	350.249	-7.591	350.249	1.000	0.590	57.880	s	p	F	0	1	26.0	26.0	26.0	Melendez20	F	0	0	none	none	T	T	T	T	T	T	627.0236	627.0076	627.0466		248939	248923	248962	0.381	0.360	627.0076	627.0466	248923	248962	627.0232	0.0053	-0.3805	1.000	9999.0000	0.0017	0.0125	5.9860	50082	0.381	0.379	0.0051	-5.09	50.7	0.0	0.0	0.000	0.000	0.0000	0.007	0.0000	0.0000	0	0.000	False	False	False
Fe 1	6271.279	627.1279	-2.703	3.3320	26874.379	5.0	5.3090	42819.973	5.0	11.0	1.400	1.590	AO	1.66E+08	8.220	-5.410	720.247	-7.278	720.247	1.000	0.330	25.390	p	s	F	0	1	26.0	26.0	26.0	Melendez20	F	0	0	none	none	T	T	T	T	T	T	627.1286	627.1136	627.1446		249044	249029	249060	0.175	0.154	627.1136	627.1446	249029	249060	627.1284	0.0052	-0.1746	1.000	9999.0000	0.0031	0.0123	5.9033	50784	0.175	0.169	0.0023	-5.44	22.9	0.0	0.0	0.000	0.000	0.0000	0.008	0.0000	0.0000	0	0.000	False	False	False
Sc 2	6279.760	627.9760	-1.200	1.5000	12098.310	1.0	3.4740	28019.700	2.0	5.0	1.490	1.160	GA	2.40E+08	8.380	-6.590	-7.830	-7.830	-7.830	1.000	0.380	30.460	d	p	F	0	2	21.1	21.0	21.01	Melendez20	F	0	0	none	none	T	T	T	T	T	T	627.9757	627.9587	627.9817		249891	249874	249897	0.195	0.174	627.9587	627.9817	249874	249897	627.9758	0.0062	-0.1939	1.000	9999.0000	0.0042	0.0146	6.9690	43018	0.194	0.191	0.0030	-5.32	30.1	0.0	0.0	0.000	0.000	0.0000	0.006	0.0000	0.0000	0	0.000	False	False	False
Mg 1	6319.236	631.9236	-2.165	5.1080	41198.778	1.0	7.0690	57015.331	1.0	3.0	99.000	99.000	99	1.00E+05	0.000	0.000	0.000	0.000	2.500	1.000	0.210	22.200	s	p	F	0	1	12.0	12.0	12.0	Melendez20	F	0	0	none	none	T	T	T	F	T	T	631.9239	631.9029	631.9379		253839	253818	253853	0.155	0.134	631.9029	631.9379	253818	253853	631.9239	0.0063	-0.1537	1.000	9999.0000	0.0035	0.0148	7.0295	42648	0.154	0.151	0.0024	-5.42	24.2	0.0	0.0	0.000	0.000	0.0000	0.004	0.0000	0.0000	0	0.000	False	False	False
Zn 1	6362.350	636.2350	0.140	5.7900	46699.477	1.0	7.7440	62459.573	2.0	5.0	99.000	99.000	99	1.00E+05	0.000	0.000	0.000	0.000	2.500	1.000	0.310	24.280	p	d	F	0	1	30.0	30.0	30.0	Melendez20	F	0	0	none	none	T	T	T	F	T	T	636.2352	636.2182	636.2582		258150	258133	258173	0.140	0.119	636.2182	636.2582	258133	258173	636.2352	0.0059	-0.1400	1.000	9999.0000	0.0036	0.0138	6.4970	46143	0.140	0.135	0.0021	-5.49	20.6	0.0	0.0	0.000	0.000	0.0000	0.005	0.0000	0.0000	0	0.000	False	False	False
Ni 1	6378.250	637.8250	-0.900	4.1535	33500.220	3.0	6.0970	49175.622	4.0	9.0	1.200	1.050	AO	2.45E+08	8.390	-4.870	825.283	-7.225	825.283	1.000	0.390	32.700	p	d	F	0	1	28.0	28.0	28.0	Melendez20	F	0	0	none	none	T	T	T	T	T	T	637.8254	637.8014	637.8454		259740	259716	259760	0.217	0.196	637.8014	637.8454	259716	259760	637.8256	0.0057	-0.2164	1.000	9999.0000	0.0026	0.0135	6.3308	47354	0.216	0.215	0.0031	-5.31	31.0	0.0	0.0	0.000	0.000	0.0000	0.005	0.0000	0.0000	0	0.000	False	False	False
Fe 1	6380.743	638.0743	-1.376	4.1860	33762.350	2.0	6.1290	49433.719	2.0	5.0	0.680	0.680	GA	7.59E+07	7.880	-6.030	-7.790	-7.790	-7.790	1.000	0.520	46.500	d	p	F	0	1	26.0	26.0	26.0	Melendez20	F	0	0	none	none	T	T	T	T	T	T	638.0744	638.0514	638.1004		259989	259966	260015	0.355	0.334	638.0514	638.1004	259966	260015	638.0748	0.0057	-0.3542	1.000	9999.0000	0.0017	0.0133	6.2654	47849	0.354	0.351	0.0050	-5.10	50.3	0.0	0.0	0.000	0.000	0.0000	0.009	0.0000	0.0000	0	0.000	False	False	False
Fe 2	6416.919	641.6919	-2.640	3.8918	31389.469	2.5	5.8230	46965.663	2.5	6.0	1.330	1.590	AO	3.16E+08	8.500	-6.530	185.276	-7.873	185.276	1.000	0.450	40.290	s	p	F	0	2	26.1	26.0	26.01	Melendez20	F	0	0	none	none	T	T	T	T	T	T	641.6926	641.6706	641.7156		263607	263585	263630	0.268	0.247	641.6706	641.7156	263585	263630	641.6930	0.0061	-0.2680	1.000	9999.0000	0.0024	0.0143	6.6807	44874	0.268	0.259	0.0041	-5.20	40.8	0.0	0.0	0.000	0.000	0.0000	0.008	0.0000	0.0000	0	0.000	False	False	False
Fe 2	6432.680	643.2680	-3.570	2.8912	23319.089	2.5	4.8180	38859.791	2.5	6.0	2.000	1.650	AO	2.95E+08	8.470	-6.530	169.204	-7.899	169.204	1.000	0.490	44.370	s	p	F	0	2	26.1	26.0	26.01	Melendez20	F	0	0	none	none	T	T	T	T	T	T	643.2687	643.2447	643.2887		265183	265159	265203	0.268	0.248	643.2447	643.2887	265159	265203	643.2685	0.0059	-0.2686	1.000	9999.0000	0.0023	0.0138	6.4264	46650	0.269	0.266	0.0039	-5.21	39.4	0.0	0.0	0.000	0.000	0.0000	0.009	0.0000	0.0000	0	0.000	False	False	False
Ca 1	6455.598	645.5598	-1.340	2.5230	20349.357	2.0	4.4430	35835.212	2.0	5.0	1.160	0.890	AO	4.65E+07	7.667	-6.072	365.241	-7.570	365.241	1.000	0.520	55.560	s	p	F	0	1	20.0	20.0	20.0	Melendez20	F	0	0	none	none	T	T	T	T	T	T	645.5609	645.5339	645.5819		267475	267448	267496	0.375	0.355	645.5339	645.5819	267448	267496	645.5605	0.0058	-0.3759	1.000	9999.0000	0.0017	0.0136	6.3281	47375	0.376	0.373	0.0055	-5.07	54.5	0.0	0.0	0.000	0.000	0.0000	0.006	0.0000	0.0000	0	0.000	False	False	False
Fe 2	6456.383	645.6383	-2.050	3.9036	31484.642	3.5	5.8230	46965.663	2.5	6.0	1.410	1.590	AO	3.16E+08	8.500	-6.530	185.276	-7.873	185.276	1.000	0.570	64.310	s	p	F	0	2	26.1	26.0	26.01	Melendez20	F	0	0	none	none	T	T	T	T	T	T	645.6389	645.6069	645.6619		267553	267521	267576	0.396	0.375	645.6069	645.6619	267521	267576	645.6388	0.0061	-0.3950	1.000	9999.0000	0.0016	0.0144	6.6810	44872	0.395	0.392	0.0060	-5.03	60.5	0.0	0.0	0.000	0.000	0.0000	0.008	0.0000	0.0000	0	0.000	False	False	False
Ca 1	6471.662	647.1662	-0.686	2.5250	20365.488	3.0	4.4410	35819.081	3.0	7.0	1.330	1.080	AO	4.42E+07	7.645	-6.072	365.241	-7.570	365.241	1.000	0.630	91.890	s	p	F	0	1	20.0	20.0	20.0	Melendez20	F	0	0	none	none	T	T	T	T	T	T	647.1670	647.1420	647.1910		269081	269056	269105	0.549	0.529	647.1420	647.1910	269056	269105	647.1666	0.0063	-0.5496	1.000	9999.0000	0.0014	0.0149	6.8921	43498	0.550	0.546	0.0087	-4.87	87.0	0.0	0.0	0.000	0.000	0.0000	0.008	0.0000	0.0000	0	0.000	False	False	False
Ba 2	6496.900	649.6900	-0.380	0.6040	4871.586	1.5	2.5120	20260.647	0.5	2.0	0.790	99.000	AO	1.00E+05	0.000	0.000	365.264	-7.578	365.264	1.000	0.740	100.490	d	p	F	0	2	56.1	56.0	56.01	Melendez20	F	0	0	none	none	T	T	T	F	T	T	649.6912	649.6682	649.7182		271605	271582	271632	0.620	0.600	649.6682	649.7182	271582	271632	649.6910	0.0059	-0.6195	1.000	9999.0000	0.0012	0.0139	6.4146	46736	0.620	0.618	0.0092	-4.85	91.7	0.0	0.0	0.000	0.000	0.0000	0.016	0.0000	0.0000	0	0.000	False	False	False
Fe 1	6498.939	649.8939	-4.699	0.9581	7727.594	3.0	2.8650	23107.784	3.0	7.0	1.250	1.510	AO	2.29E+04	4.360	-6.210	226.253	-7.782	226.253	1.000	0.510	42.130	s	p	F	0	1	26.0	26.0	26.0	Melendez20	F	0	0	none	none	T	T	T	F	T	T	649.8942	649.8722	649.9132		271808	271786	271827	0.330	0.309	649.8722	649.9132	271786	271827	649.8946	0.0054	-0.3301	1.000	9999.0000	0.0019	0.0127	5.8473	51270	0.330	0.326	0.0045	-5.16	44.5	0.0	0.0	0.000	0.000	0.0000	0.004	0.0000	0.0000	0	0.000	False	False	False
Ca 1	6499.650	649.9650	-0.818	2.5230	20349.357	2.0	4.4300	35730.360	2.0	5.0	1.160	0.750	AO	4.37E+07	7.640	-6.072	364.239	-7.571	364.239	1.000	0.610	84.320	s	p	F	0	1	20.0	20.0	20.0	Melendez20	F	0	0	none	none	T	T	T	T	T	T	649.9652	649.9422	649.9852		271879	271856	271899	0.516	0.496	649.9422	649.9852	271856	271899	649.9655	0.0063	-0.5160	1.000	9999.0000	0.0016	0.0149	6.8691	43644	0.516	0.510	0.0082	-4.90	81.8	0.0	0.0	0.000	0.000	0.0000	0.009	0.0000	0.0000	0	0.000	False	False	False
Fe 1	6593.871	659.3871	-2.422	2.4326	19620.233	5.0	4.3130	34786.691	5.0	11.0	1.040	1.220	AO	1.02E+08	8.010	-6.080	321.247	-7.629	321.247	1.000	0.650	82.300	s	p	F	0	1	26.0	26.0	26.0	Melendez20	F	0	0	none	none	T	T	T	T	T	T	659.3879	659.3589	659.4179		281301	281272	281331	0.504	0.483	659.3589	659.4179	281272	281331	659.3881	0.0061	-0.5045	1.000	9999.0000	0.0014	0.0144	6.5668	45653	0.504	0.494	0.0078	-4.93	77.6	0.0	0.0	0.000	0.000	0.0000	0.007	0.0000	0.0000	0	0.000	False	False	False
Fe 1	6597.561	659.7561	-0.980	4.7950	38674.264	2.0	6.6740	53829.441	3.0	7.0	1.150	1.110	AO	2.51E+08	8.400	-4.690	893.276	-7.190	893.276	1.000	0.390	36.400	d	f	F	0	1	26.0	26.0	26.0	Melendez20	F	0	0	none	none	T	T	T	T	T	T	659.7569	659.7349	659.7769		281670	281648	281690	0.290	0.269	659.7349	659.7769	281648	281690	659.7564	0.0058	-0.2900	1.000	9999.0000	0.0021	0.0137	6.2042	48321	0.290	0.286	0.0042	-5.19	42.1	0.0	0.0	0.000	0.000	0.0000	0.006	0.0000	0.0000	0	0.000	False	False	False
Ni 1	6643.630	664.3630	-2.100	1.6760	13517.845	2.0	3.5420	28568.157	2.0	5.0	1.140	1.490	AO	1.26E+08	8.100	-6.140	258.274	-7.729	258.274	1.000	0.660	81.570	s	p	F	0	1	28.0	28.0	28.0	Melendez20	F	0	0	none	none	T	T	T	T	T	T	664.3642	664.3372	664.3862		286277	286250	286299	0.520	0.499	664.3372	664.3862	286250	286299	664.3635	0.0070	-0.5211	1.000	9999.0000	0.0016	0.0164	7.3852	40594	0.521	0.517	0.0091	-4.86	90.8	0.0	0.0	0.000	0.000	0.0000	0.007	0.0000	0.0000	0	0.000	False	False	False
Al 1	6696.018	669.6018	-1.481	3.1430	25349.992	0.5	4.9940	40279.327	1.5	4.0	99.000	99.000	99	1.00E+05	0.000	0.000	0.000	0.000	2.500	1.000	0.380	42.850	s	p	F	0	1	13.0	13.0	13.0	Melendez20	F	0	0	none	none	T	T	T	F	T	T	669.6026	669.5826	669.6196		291515	291495	291532	0.215	0.194	669.5826	669.6196	291495	291532	669.6026	0.0066	-0.2133	1.000	9999.0000	0.0031	0.0155	6.9445	43170	0.213	0.209	0.0035	-5.28	35.2	0.0	0.0	0.000	0.000	0.0000	0.007	0.0000	0.0000	0	0.000	False	False	False
Al 1	6698.667	669.8667	-1.782	3.1430	25349.992	0.5	4.9930	40271.261	0.5	2.0	99.000	99.000	99	1.00E+05	0.000	0.000	0.000	0.000	2.500	1.000	0.260	27.030	s	p	F	0	1	13.0	13.0	13.0	Melendez20	F	0	0	none	none	T	T	T	F	T	T	669.8676	669.8386	669.8906		291780	291751	291803	0.126	0.105	669.8386	669.8906	291751	291803	669.8675	0.0066	-0.1252	1.000	9999.0000	0.0033	0.0155	6.9386	43207	0.125	0.124	0.0021	-5.51	20.7	0.0	0.0	0.000	0.000	0.0000	0.003	0.0000	0.0000	0	0.000	False	False	False
Fe 1	6703.567	670.3567	-3.023	2.7585	22248.792	3.0	4.6080	37166.027	3.0	7.0	0.760	1.090	AO	1.20E+08	8.080	-6.280	320.264	-7.633	320.264	1.000	0.380	30.240	s	p	F	0	1	26.0	26.0	26.0	Melendez20	F	0	0	none	none	T	T	T	T	T	T	670.3577	670.3267	670.3817		292270	292239	292294	0.253	0.232	670.3267	670.3817	292239	292294	670.3573	0.0056	-0.2536	1.000	9999.0000	0.0020	0.0133	5.9368	50497	0.254	0.252	0.0036	-5.27	35.8	0.0	0.0	0.000	0.000	0.0000	0.006	0.0000	0.0000	0	0.000	False	False	False
Fe 1	6705.102	670.5102	-0.980	4.6070	37157.943	2.0	6.4560	52071.152	2.0	5.0	1.840	1.810	GA	2.51E+08	8.400	-4.470	-7.480	-7.480	-7.480	1.000	0.340	29.260	p	d	F	0	1	26.0	26.0	26.0	Melendez20	F	0	0	none	none	T	T	T	T	T	T	670.5107	670.4817	670.5337		292423	292394	292446	0.291	0.270	670.4817	670.5337	292394	292446	670.5107	0.0062	-0.2901	1.000	9999.0000	0.0022	0.0145	6.4879	46208	0.290	0.287	0.0045	-5.17	44.8	0.0	0.0	0.000	0.000	0.0000	0.007	0.0000	0.0000	0	0.000	False	False	False
Fe 1	6713.745	671.3745	-1.400	4.7950	38674.264	2.0	6.6420	53571.343	2.0	5.0	1.150	1.400	AO	2.57E+08	8.410	-4.570	857.272	-7.207	857.272	1.000	0.190	15.250	d	f	F	0	1	26.0	26.0	26.0	Melendez20	F	0	0	none	none	T	T	T	T	T	T	671.3747	671.3507	671.3967		293287	293263	293309	0.141	0.121	671.3507	671.3967	293263	293309	671.3747	0.0058	-0.1411	1.000	9999.0000	0.0032	0.0137	6.1263	48936	0.141	0.139	0.0021	-5.51	20.6	0.0	0.0	0.000	0.000	0.0000	0.004	0.0000	0.0000	0	0.000	False	False	False
Si 1	6721.848	672.1848	-1.120	5.8620	47280.195	1.0	7.7070	62161.148	2.0	5.0	1.000	0.870	GA	2.45E+07	7.390	-3.100	-7.020	-7.020	-7.020	1.000	0.170	22.990	p	d	F	0	1	14.0	14.0	14.0	Melendez20	F	0	0	none	none	T	T	T	T	T	T	672.1838	672.1588	672.2148		294096	294071	294127	0.218	0.198	672.1588	672.2148	294071	294127	672.1847	0.0077	-0.2184	1.000	9999.0000	0.0041	0.0182	8.1047	36990	0.218	0.211	0.0042	-5.20	42.3	0.0	0.0	0.000	0.000	0.0000	0.010	0.0000	0.0000	0	0.000	False	False	False
Fe 1	6726.667	672.6667	-1.030	4.6070	37157.943	2.0	6.4500	52022.759	1.0	3.0	1.840	2.430	GA	2.29E+08	8.360	-4.690	-7.520	-7.520	-7.520	1.000	0.440	41.170	p	d	F	0	1	26.0	26.0	26.0	Melendez20	F	0	0	none	none	T	T	T	T	T	T	672.6668	672.6408	672.6918		294579	294553	294604	0.301	0.280	672.6408	672.6918	294553	294604	672.6672	0.0061	-0.3000	1.000	9999.0000	0.0020	0.0143	6.3744	47030	0.300	0.299	0.0046	-5.17	45.7	0.0	0.0	0.000	0.000	0.0000	0.007	0.0000	0.0000	0	0.000	False	False	False
Fe 1	6733.151	673.3151	-1.470	4.6380	37407.975	1.0	6.4790	52256.660	0.0	1.0	2.500	0.000	AO	2.57E+08	8.410	-5.360	781.273	-7.247	781.273	1.000	0.250	20.770	d	f	F	0	1	26.0	26.0	26.0	Melendez20	F	0	0	none	none	T	T	T	T	T	T	673.3159	673.2889	673.3349		295228	295201	295247	0.180	0.160	673.2889	673.3349	295201	295247	673.3155	0.0058	-0.1798	1.000	9999.0000	0.0026	0.0137	6.0823	49289	0.180	0.179	0.0026	-5.41	26.1	0.0	0.0	0.000	0.000	0.0000	0.003	0.0000	0.0000	0	0.000	False	False	False
Fe 1	6750.152	675.0152	-2.621	2.4241	19551.676	1.0	4.2600	34359.217	1.0	3.0	1.500	1.500	AO	4.90E+06	6.690	-6.130	335.241	-7.609	335.241	1.000	0.610	73.530	s	p	F	0	1	26.0	26.0	26.0	Melendez20	F	0	0	none	none	T	T	T	T	T	T	675.0160	674.9900	675.0440		296928	296902	296956	0.472	0.452	674.9900	675.0440	296902	296956	675.0160	0.0061	-0.4711	1.000	9999.0000	0.0015	0.0143	6.3583	47150	0.471	0.466	0.0072	-4.97	71.8	0.0	0.0	0.000	0.000	0.0000	0.008	0.0000	0.0000	0	0.000	False	False	False
Fe 1	6752.707	675.2707	-1.204	4.6380	37407.975	1.0	6.4740	52216.332	1.0	3.0	2.500	1.420	AO	2.63E+08	8.420	-5.470	778.274	-7.249	778.274	1.000	0.400	37.250	d	f	F	0	1	26.0	26.0	26.0	Melendez20	F	0	0	none	none	T	T	T	T	T	T	675.2710	675.2520	675.2860		297183	297164	297198	0.215	0.195	675.2520	675.2860	297164	297198	675.2709	0.0063	-0.2135	1.000	9999.0000	0.0029	0.0148	6.5544	45739	0.214	0.199	0.0034	-5.30	33.6	0.0	0.0	0.000	0.000	0.0000	0.013	0.0000	0.0000	0	0.000	False	False	False
Ni 1	6767.772	676.7772	-2.170	1.8260	14727.676	0.0	3.6580	29503.760	1.0	3.0	0.000	1.430	GA	1.29E+08	8.110	-6.120	-7.760	-7.760	-7.760	1.000	0.640	79.050	d	p	F	0	1	28.0	28.0	28.0	Melendez20	F	0	0	none	none	T	T	T	T	T	T	676.7781	676.7561	676.8031		298690	298668	298715	0.481	0.460	676.7561	676.8031	298668	298715	676.7782	0.0063	-0.4803	1.000	9999.0000	0.0016	0.0149	6.5844	45531	0.480	0.473	0.0076	-4.95	76.0	0.0	0.0	0.000	0.000	0.0000	0.007	0.0000	0.0000	0	0.000	False	False	False
Ni 1	6772.315	677.2315	-0.990	3.6570	29495.680	1.0	5.4880	44263.705	2.0	5.0	1.430	1.090	AO	1.91E+08	8.280	-5.330	795.245	-7.234	795.245	1.000	0.490	50.240	p	s	F	0	1	28.0	28.0	28.0	Melendez20	F	0	0	none	none	T	T	T	T	T	T	677.2322	677.2112	677.2632		299144	299123	299175	0.312	0.291	677.2112	677.2632	299123	299175	677.2323	0.0061	-0.3109	1.000	9999.0000	0.0020	0.0144	6.3670	47085	0.311	0.306	0.0048	-5.15	47.6	0.0	0.0	0.000	0.000	0.0000	0.007	0.0000	0.0000	0	0.000	False	False	False
Fe 1	6806.845	680.6845	-3.110	2.7270	21994.728	4.0	4.5490	36690.160	4.0	9.0	1.050	1.250	AO	1.17E+08	8.070	-6.090	313.268	-7.643	313.268	1.000	0.370	29.620	s	p	F	0	1	26.0	26.0	26.0	Melendez20	F	0	0	none	none	T	T	T	T	T	T	680.6854	680.6664	680.7114		302597	302578	302623	0.240	0.219	680.6664	680.7114	302578	302623	680.6852	0.0057	-0.2388	1.000	9999.0000	0.0022	0.0134	5.8834	50955	0.239	0.234	0.0034	-5.30	34.0	0.0	0.0	0.000	0.000	0.0000	0.006	0.0000	0.0000	0	0.000	False	False	False
Fe 1	6810.263	681.0263	-0.986	4.6070	37157.943	2.0	6.4270	51837.251	3.0	7.0	1.840	1.660	AO	2.63E+08	8.420	-5.230	873.275	-7.199	873.275	1.000	0.470	51.250	p	d	F	0	1	26.0	26.0	26.0	Melendez20	F	0	0	none	none	T	T	T	T	T	T	681.0264	681.0024	681.0524		302938	302914	302964	0.313	0.292	681.0024	681.0524	302914	302964	681.0267	0.0061	-0.3124	1.000	9999.0000	0.0020	0.0144	6.3212	47426	0.312	0.308	0.0048	-5.15	47.7	0.0	0.0	0.000	0.000	0.0000	0.006	0.0000	0.0000	0	0.000	False	False	False
Fe 1	6839.830	683.9830	-3.350	2.5590	20639.717	4.0	4.3710	35254.493	4.0	9.0	1.240	1.100	AO	1.12E+08	8.050	-6.060	330.248	-7.617	330.248	1.000	0.340	26.620	s	p	F	0	1	26.0	26.0	26.0	Melendez20	F	0	0	none	none	T	T	T	T	T	T	683.9836	683.9606	684.0116		305895	305872	305923	0.203	0.182	683.9606	684.0116	305872	305923	683.9837	0.0059	-0.2018	1.000	9999.0000	0.0024	0.0138	6.0444	49599	0.202	0.201	0.0030	-5.36	29.6	0.0	0.0	0.000	0.000	0.0000	0.006	0.0000	0.0000	0	0.000	False	False	False
Fe 1	6843.656	684.3656	-0.860	4.5480	36682.076	4.0	6.3600	51296.860	3.0	7.0	1.250	1.350	AO	2.69E+08	8.430	-5.290	736.216	-7.262	736.216	1.000	0.500	56.730	p	s	F	0	1	26.0	26.0	26.0	Melendez20	F	0	0	none	none	T	T	T	T	T	T	684.3657	684.3357	684.3957		306277	306247	306307	0.362	0.342	684.3357	684.3957	306247	306307	684.3661	0.0065	-0.3608	1.000	9999.0000	0.0017	0.0152	6.6662	44972	0.361	0.361	0.0058	-5.07	58.4	0.0	0.0	0.000	0.000	0.0000	0.007	0.0000	0.0000	0	0.000	False	False	False
Fe 1	6858.150	685.8150	-0.930	4.6070	37157.943	3.0	6.4150	51740.465	2.0	5.0	1.090	1.130	AO	2.69E+08	8.430	-5.570	765.211	-7.245	765.211	1.000	0.490	53.780	p	s	F	0	1	26.0	26.0	26.0	Melendez20	F	0	0	none	none	T	T	T	T	T	T	685.8158	685.7918	685.8388		307727	307703	307750	0.318	0.298	685.7918	685.8388	307703	307750	685.8155	0.0063	-0.3172	1.000	9999.0000	0.0020	0.0149	6.4994	46126	0.317	0.313	0.0050	-5.14	50.2	0.0	0.0	0.000	0.000	0.0000	0.006	0.0000	0.0000	0	0.000	False	False	False
